<!DOCTYPE HTML>
<html>
  <head>
    <meta charset="UTF-8">
    <title>Tomtom Results</title>
    <script>
      // @JSON_VAR data
      var data = {
        "program": "Tomtom",
        "version": "5.5.5",
        "release": "Thu Sep 14 08:48:04 2023 +1000",
        "cmd": [
          "tomtom", "-verbosity", "1", "-oc", "meme_tomtom_out",
          "-min-overlap", "5", "-dist", "pearson", "-evalue", "-thresh", "1",
          "-no-ssc", "meme_out/meme.xml",
          "db/motif_databases/MOUSE/uniprobe_mouse.meme",
          "db/motif_databases/JASPAR/JASPAR2022_CORE_non-redundant_v2.meme"
        ],
        "options": {
          "strands": "both",
          "distance_measure": "pearson",
          "threshold_type": "evalue",
          "threshold_value": 1,
          "background_source": "--query--"
        },
        "alphabet": {
          "name": "DNA",
          "like": "dna",
          "ncore": 4,
          "symbols": [
            {
              "symbol": "A",
              "name": "Adenine",
              "colour": "CC0000",
              "complement": "T"
            }, {
              "symbol": "C",
              "name": "Cytosine",
              "colour": "0000CC",
              "complement": "G"
            }, {
              "symbol": "G",
              "name": "Guanine",
              "colour": "FFB300",
              "complement": "C"
            }, {
              "symbol": "T",
              "aliases": "U",
              "name": "Thymine",
              "colour": "008000",
              "complement": "A"
            }, {
              "symbol": "N",
              "aliases": "X.",
              "name": "Any base",
              "equals": "ACGT"
            }, {
              "symbol": "V",
              "name": "Not T",
              "equals": "ACG"
            }, {
              "symbol": "H",
              "name": "Not G",
              "equals": "ACT"
            }, {
              "symbol": "D",
              "name": "Not C",
              "equals": "AGT"
            }, {
              "symbol": "B",
              "name": "Not A",
              "equals": "CGT"
            }, {
              "symbol": "M",
              "name": "Amino",
              "equals": "AC"
            }, {
              "symbol": "R",
              "name": "Purine",
              "equals": "AG"
            }, {
              "symbol": "W",
              "name": "Weak",
              "equals": "AT"
            }, {
              "symbol": "S",
              "name": "Strong",
              "equals": "CG"
            }, {
              "symbol": "Y",
              "name": "Pyrimidine",
              "equals": "CT"
            }, {
              "symbol": "K",
              "name": "Keto",
              "equals": "GT"
            }
          ]
        },
        "background": [0.220559, 0.279441, 0.279441, 0.220559],
        "query_dbs": [
          {
            "source": "meme_out/meme.xml",
            "name": "meme.xml",
            "loaded": 3,
            "excluded": 0,
            "last_modified": "Sat Mar  9 13:11:16 2024"
          }
        ],
        "target_dbs": [
          {
            "source": "db/motif_databases/MOUSE/uniprobe_mouse.meme",
            "name": "uniprobe_mouse",
            "loaded": 386,
            "excluded": 0,
            "last_modified": "Tue Jan  9 16:02:18 2024"
          }, {
            "source": "db/motif_databases/JASPAR/JASPAR2022_CORE_non-redundant_v2.meme",
            "name": "JASPAR2022_CORE_non-redundant_v2",
            "loaded": 1956,
            "excluded": 0,
            "last_modified": "Tue Jan  9 16:00:00 2024"
          }
        ],
        "queries": [
          {
            "db": 0,
            "id": "GGGGGCGGGGC",
            "alt": "MEME-3",
            "len": 11,
            "nsites": 272,
            "evalue": "2.6e-043",
            "pwm": [
              [0.213238, 0.147108, 0.624873, 0.0147817], 
              [0.132385, 0.007453, 0.724102, 0.13606], 
              [0.102984, 0.0258282, 0.871106, 8.10581e-05], 
              [8.10581e-05, 0.000102698, 0.999735, 8.10581e-05], 
              [8.10581e-05, 0.0295039, 0.970334, 8.10581e-05], 
              [0.150761, 0.804954, 0.000102698, 0.0441828], 
              [8.10581e-05, 0.000102698, 0.999735, 8.10581e-05], 
              [8.10581e-05, 0.0331785, 0.911533, 0.0552078], 
              [8.10581e-05, 0.000102698, 0.999735, 8.10581e-05], 
              [0.00743136, 0.0552294, 0.937258, 8.10581e-05], 
              [0.0515331, 0.705725, 0.103006, 0.139736]
            ]
          }, {
            "db": 0,
            "id": "NRAAAGAGGAAGTGR",
            "alt": "MEME-1",
            "len": 15,
            "nsites": 1051,
            "evalue": "1.1e-225",
            "pwm": [
              [0.348228, 0.219797, 0.241679, 0.190298], 
              [0.387234, 0.170324, 0.321594, 0.120846], 
              [0.555629, 0.110387, 0.253095, 0.0808883], 
              [0.579414, 0.101825, 0.215991, 0.10277], 
              [0.558484, 0.0238113, 0.219797, 0.197909], 
              [0.21218, 0.23597, 0.543267, 0.00858317], 
              [0.654574, 0.0666232, 0.269268, 0.00953508], 
              [0.0609092, 2.65856e-05, 0.936189, 0.00287471], 
              [2.09836e-05, 2.65856e-05, 0.999931, 2.09836e-05], 
              [0.999926, 2.65856e-05, 2.65856e-05, 2.09836e-05], 
              [0.886712, 2.65856e-05, 2.65856e-05, 0.113235], 
              [0.112284, 0.0723317, 0.815363, 2.09836e-05], 
              [0.0599583, 0.172227, 0.0951645, 0.67265], 
              [0.176978, 0.0970674, 0.537558, 0.188395], 
              [0.277826, 0.0942136, 0.534705, 0.0932571]
            ]
          }, {
            "db": 0,
            "id": "WAACCACA",
            "alt": "MEME-2",
            "len": 8,
            "nsites": 697,
            "evalue": "4.2e-158",
            "pwm": [
              [0.473422, 0.156403, 0.0315996, 0.338577], 
              [0.665646, 4.00862e-05, 0.255383, 0.0789303], 
              [0.999888, 4.00862e-05, 4.00862e-05, 3.16395e-05], 
              [3.16395e-05, 0.999897, 4.00862e-05, 3.16395e-05], 
              [3.16395e-05, 0.999897, 4.00862e-05, 3.16395e-05], 
              [0.999888, 4.00862e-05, 4.00862e-05, 3.16395e-05], 
              [3.16395e-05, 0.999897, 4.00862e-05, 3.16395e-05], 
              [0.936769, 4.00862e-05, 4.00862e-05, 0.0631506]
            ]
          }
        ],
        "targets": [
          {
            "db": 0,
            "id": "UP00000_2",
            "alt": "Smad3_secondary",
            "len": 17,
            "nsites": 20,
            "url": "http://thebrain.bwh.harvard.edu/uniprobe/details2.php?id=00000",
            "pwm": [
              [0.151016, 0.132514, 0.245833, 0.470637], 
              [0.316338, 0.287275, 0.151469, 0.244918], 
              [0.256294, 0.408421, 0.110544, 0.22474], 
              [0.210695, 0.220517, 0.344684, 0.224104], 
              [0.166947, 0.507797, 0.0826599, 0.242595], 
              [0.0502028, 0.756992, 0.089439, 0.103366], 
              [0.0484585, 0.783028, 0.122741, 0.0457719], 
              [0.00568039, 0.941622, 0.0359136, 0.0167829], 
              [0.0411491, 0.0517903, 0.887342, 0.0197172], 
              [0.00412019, 0.910543, 0.0237276, 0.0616088], 
              [0.0296267, 0.938183, 0.0136052, 0.0185849], 
              [0.63318, 0.140426, 0.111336, 0.115059], 
              [0.239919, 0.385418, 0.183329, 0.191334], 
              [0.21048, 0.274153, 0.0861375, 0.429229], 
              [0.0887769, 0.453727, 0.20934, 0.248157], 
              [0.181464, 0.2651, 0.149672, 0.403764], 
              [0.101664, 0.252815, 0.368099, 0.277422]
            ]
          }, {
            "db": 0,
            "id": "UP00002_1",
            "alt": "Sp4_primary",
            "len": 17,
            "nsites": 20,
            "url": "http://thebrain.bwh.harvard.edu/uniprobe/details2.php?id=00002",
            "pwm": [
              [0.15571, 0.223659, 0.373981, 0.24665], 
              [0.246974, 0.160178, 0.344784, 0.248063], 
              [0.238798, 0.258459, 0.165872, 0.336872], 
              [0.255438, 0.488541, 0.0527544, 0.203268], 
              [0.448958, 0.54406, 0.00245593, 0.00452716], 
              [0.00478288, 0.987467, 0.00383403, 0.00391621], 
              [0.0364247, 0.00319523, 0.924902, 0.0354784], 
              [0.00258388, 0.987864, 0.00478727, 0.00476497], 
              [0.00412716, 0.98709, 0.00654647, 0.00223661], 
              [0.00208238, 0.959835, 0.00259921, 0.0354824], 
              [0.148377, 0.835615, 0.00205294, 0.013955], 
              [0.0152874, 0.902731, 0.00855443, 0.0734277], 
              [0.0840764, 0.270115, 0.0594679, 0.586341], 
              [0.149496, 0.286746, 0.143482, 0.420275], 
              [0.204929, 0.346858, 0.253486, 0.194726], 
              [0.184622, 0.299806, 0.194831, 0.320741], 
              [0.126264, 0.379608, 0.245488, 0.24864]
            ]
          }, {
            "db": 0,
            "id": "UP00007_1",
            "alt": "Egr1_primary",
            "len": 14,
            "nsites": 20,
            "url": "http://thebrain.bwh.harvard.edu/uniprobe/details2.php?id=00007",
            "pwm": [
              [0.211592, 0.282692, 0.20385, 0.301866], 
              [0.142379, 0.720233, 0.0559713, 0.0814167], 
              [0.0335401, 0.874198, 0.0137604, 0.0785023], 
              [0.115651, 0.071645, 0.778793, 0.0339122], 
              [0.00459582, 0.986486, 0.00364398, 0.00527442], 
              [0.00578885, 0.978984, 0.011238, 0.00398885], 
              [0.00271621, 0.972472, 0.00304398, 0.021768], 
              [0.262144, 0.729482, 0.00410667, 0.00426845], 
              [0.00695801, 0.982242, 0.0034609, 0.0073391], 
              [0.0238764, 0.0914002, 0.647482, 0.237241], 
              [0.0240207, 0.857061, 0.0391146, 0.0798048], 
              [0.565906, 0.0584987, 0.167352, 0.208243], 
              [0.176816, 0.331007, 0.126075, 0.366102], 
              [0.183236, 0.18425, 0.227055, 0.405459]
            ]
          }, {
            "db": 0,
            "id": "UP00021_1",
            "alt": "Zfp281_primary",
            "len": 15,
            "nsites": 20,
            "url": "http://thebrain.bwh.harvard.edu/uniprobe/details2.php?id=00021",
            "pwm": [
              [0.20163, 0.165781, 0.201713, 0.430877], 
              [0.136573, 0.442635, 0.179631, 0.241161], 
              [0.262937, 0.553765, 0.069035, 0.114262], 
              [0.142573, 0.735354, 0.0468848, 0.0751879], 
              [0.0458555, 0.881104, 0.0465206, 0.0265192], 
              [0.246305, 0.58903, 0.0239325, 0.140732], 
              [0.123534, 0.589706, 0.0342977, 0.252462], 
              [0.01916, 0.941432, 0.0115932, 0.0278147], 
              [0.0363799, 0.950489, 0.00535841, 0.00777293], 
              [0.0209978, 0.950986, 0.00732657, 0.0206893], 
              [0.0163202, 0.960982, 0.00811165, 0.0145869], 
              [0.0295202, 0.932885, 0.0129922, 0.0246028], 
              [0.299731, 0.516126, 0.0309425, 0.1532], 
              [0.159369, 0.512279, 0.0529664, 0.275386], 
              [0.158482, 0.645226, 0.133983, 0.0623073]
            ]
          }, {
            "db": 0,
            "id": "UP00022_1",
            "alt": "Zfp740_primary",
            "len": 16,
            "nsites": 20,
            "url": "http://thebrain.bwh.harvard.edu/uniprobe/details2.php?id=00022",
            "pwm": [
              [0.137362, 0.395926, 0.136026, 0.330685], 
              [0.185702, 0.416851, 0.215728, 0.181719], 
              [0.171521, 0.34159, 0.173362, 0.313526], 
              [0.146014, 0.589024, 0.147038, 0.117925], 
              [0.138446, 0.658521, 0.114839, 0.0881948], 
              [0.222717, 0.748188, 0.0088808, 0.0202137], 
              [0.0256078, 0.959912, 0.00327483, 0.0112058], 
              [0.0106068, 0.976471, 0.00202906, 0.0108923], 
              [0.0114615, 0.973951, 0.00192856, 0.0126585], 
              [0.027367, 0.95337, 0.00292657, 0.0163351], 
              [0.195627, 0.753588, 0.0123952, 0.0383908], 
              [0.489944, 0.36436, 0.0268758, 0.11882], 
              [0.304732, 0.397569, 0.0727136, 0.224986], 
              [0.253333, 0.23288, 0.213575, 0.300212], 
              [0.15728, 0.297784, 0.145353, 0.399582], 
              [0.179753, 0.292449, 0.319263, 0.208535]
            ]
          }, {
            "db": 0,
            "id": "UP00043_2",
            "alt": "Bcl6b_secondary",
            "len": 16,
            "nsites": 20,
            "url": "http://thebrain.bwh.harvard.edu/uniprobe/details2.php?id=00043",
            "pwm": [
              [0.316094, 0.278387, 0.153187, 0.252331], 
              [0.167407, 0.257145, 0.259991, 0.315457], 
              [0.175747, 0.325725, 0.260093, 0.238436], 
              [0.165328, 0.385148, 0.239648, 0.209875], 
              [0.0702406, 0.780214, 0.0734838, 0.0760615], 
              [0.0507918, 0.798043, 0.0332191, 0.117946], 
              [0.223368, 0.0613962, 0.551332, 0.163904], 
              [0.0736784, 0.815571, 0.0356251, 0.0751252], 
              [0.0712814, 0.842313, 0.0637903, 0.0226157], 
              [0.0319779, 0.856469, 0.0565385, 0.0550147], 
              [0.0644486, 0.795921, 0.0683296, 0.0713003], 
              [0.347852, 0.0319345, 0.197588, 0.422626], 
              [0.306789, 0.256584, 0.181499, 0.255128], 
              [0.459737, 0.285029, 0.0911992, 0.164035], 
              [0.315324, 0.228685, 0.171674, 0.284318], 
              [0.373761, 0.268383, 0.199211, 0.158645]
            ]
          }, {
            "db": 0,
            "id": "UP00085_1",
            "alt": "Sfpi1_primary",
            "len": 14,
            "nsites": 20,
            "url": "http://thebrain.bwh.harvard.edu/uniprobe/details2.php?id=00085",
            "pwm": [
              [0.211631, 0.273682, 0.234985, 0.279702], 
              [0.297647, 0.105687, 0.290331, 0.306335], 
              [0.591612, 0.0492072, 0.155223, 0.203958], 
              [0.458556, 0.0538251, 0.170494, 0.317125], 
              [0.188782, 0.155974, 0.58999, 0.0652535], 
              [0.40184, 0.286193, 0.290231, 0.0217361], 
              [0.0494247, 0.00262408, 0.943079, 0.00487144], 
              [0.00542965, 0.00277035, 0.98728, 0.00452119], 
              [0.970522, 0.00279921, 0.00284896, 0.0238306], 
              [0.935175, 0.00446488, 0.00221911, 0.0581411], 
              [0.0467003, 0.270366, 0.672678, 0.0102555], 
              [0.0564844, 0.0934818, 0.0273216, 0.822711], 
              [0.300834, 0.123433, 0.267101, 0.308633], 
              [0.278391, 0.276116, 0.219459, 0.226034]
            ]
          }, {
            "db": 0,
            "id": "UP00093_1",
            "alt": "Klf7_primary",
            "len": 16,
            "nsites": 20,
            "url": "http://thebrain.bwh.harvard.edu/uniprobe/details2.php?id=00093",
            "pwm": [
              [0.204594, 0.198756, 0.171756, 0.424893], 
              [0.167454, 0.296699, 0.246248, 0.289601], 
              [0.267097, 0.148655, 0.398081, 0.186166], 
              [0.54775, 0.0612579, 0.336813, 0.0541789], 
              [0.0515908, 0.896926, 0.023449, 0.0280356], 
              [0.0388137, 0.917143, 0.00970866, 0.0343341], 
              [0.409412, 0.565273, 0.0175763, 0.0077391], 
              [0.0105759, 0.978857, 0.00244498, 0.00812218], 
              [0.204373, 0.00246886, 0.746233, 0.0469242], 
              [0.00503263, 0.984962, 0.00419722, 0.00580875], 
              [0.00534009, 0.985297, 0.00567981, 0.00368238], 
              [0.00384159, 0.926315, 0.00262806, 0.0672147], 
              [0.260134, 0.420975, 0.0259873, 0.292903], 
              [0.184976, 0.247855, 0.0862032, 0.480966], 
              [0.346905, 0.197752, 0.140655, 0.314688], 
              [0.255108, 0.167181, 0.242482, 0.335229]
            ]
          }, {
            "db": 1,
            "id": "MA0002.2",
            "alt": "Runx1",
            "len": 11,
            "nsites": 2000,
            "url": "http://jaspar2022.genereg.net/matrix/MA0002.2",
            "pwm": [
              [0.143504, 0.248002, 0.347997, 0.260498], 
              [0.117005, 0.242502, 0.233502, 0.406991], 
              [0.061508, 0.535987, 0.0745102, 0.327995], 
              [0.0285096, 1.39713e-05, 0.0035138, 0.967963], 
              [1.10274e-05, 0.0375121, 0.935967, 0.0265097], 
              [0.0435089, 0.0635108, 0.0350122, 0.857968], 
              [1.10274e-05, 1.39713e-05, 0.993464, 0.0065107], 
              [0.0085106, 0.0210129, 0.923968, 0.0465087], 
              [0.00501078, 0.200004, 0.125508, 0.669478], 
              [0.0655078, 0.231502, 0.0405119, 0.662478], 
              [0.249999, 0.07901, 0.144507, 0.526485]
            ]
          }, {
            "db": 1,
            "id": "MA0039.4",
            "alt": "KLF4",
            "len": 12,
            "nsites": 55817,
            "url": "http://jaspar2022.genereg.net/matrix/MA0039.4",
            "pwm": [
              [0.2252, 0.313883, 0.255173, 0.205744], 
              [0.205798, 0.2515, 0.330957, 0.211746], 
              [0.0441623, 0.881612, 0.0283614, 0.0458643], 
              [0.0377133, 0.857533, 0.0217505, 0.0830032], 
              [0.125786, 0.813461, 0.0254765, 0.0352763], 
              [0.0210154, 0.947291, 0.0142075, 0.0174864], 
              [0.81699, 0.0028845, 0.118208, 0.0619173], 
              [0.0152644, 0.938172, 0.0263365, 0.0202274], 
              [0.0289703, 0.915706, 0.0335024, 0.0218214], 
              [0.0215354, 0.914505, 0.0180055, 0.0459543], 
              [0.291381, 0.326943, 0.112726, 0.26895], 
              [0.178422, 0.344286, 0.25838, 0.218912]
            ]
          }, {
            "db": 1,
            "id": "MA0062.3",
            "alt": "GABPA",
            "len": 14,
            "nsites": 65479,
            "url": "http://jaspar2022.genereg.net/matrix/MA0062.3",
            "pwm": [
              [0.242627, 0.258434, 0.243513, 0.255425], 
              [0.167703, 0.331083, 0.210006, 0.291208], 
              [0.116663, 0.632232, 0.106737, 0.144367], 
              [0.798117, 0.0609053, 0.0744213, 0.0665562], 
              [0.0141883, 0.850104, 0.0331254, 0.102583], 
              [0.0593322, 0.0220384, 0.0147384, 0.903892], 
              [0.0131653, 0.0187854, 0.0249394, 0.943111], 
              [0.0213503, 0.937292, 0.0175634, 0.0237943], 
              [0.0151653, 0.963774, 0.00794141, 0.0131193], 
              [0.0262993, 0.0235504, 0.0696563, 0.880495], 
              [0.0338893, 0.0966423, 0.792925, 0.0765442], 
              [0.0816142, 0.183356, 0.1179, 0.617128], 
              [0.181783, 0.277249, 0.230318, 0.310649], 
              [0.206509, 0.265459, 0.201393, 0.326639]
            ]
          }, {
            "db": 1,
            "id": "MA0076.2",
            "alt": "ELK4",
            "len": 11,
            "nsites": 3427,
            "url": "http://jaspar2022.genereg.net/matrix/MA0076.2",
            "pwm": [
              [0.0869609, 0.425441, 0.258536, 0.229063], 
              [0.114097, 0.555872, 0.166329, 0.163702], 
              [0.593511, 0.0423179, 0.302888, 0.0612826], 
              [6.43573e-06, 0.784344, 0.00467702, 0.210972], 
              [0.00234037, 8.15386e-06, 8.15386e-06, 0.997643], 
              [6.43573e-06, 8.15386e-06, 8.15386e-06, 0.999977], 
              [6.43573e-06, 0.999979, 8.15386e-06, 6.43573e-06], 
              [6.43573e-06, 0.999979, 8.15386e-06, 6.43573e-06], 
              [6.43573e-06, 8.15386e-06, 0.850581, 0.149404], 
              [6.43573e-06, 0.146196, 0.829573, 0.0242247], 
              [0.084626, 0.365623, 0.194925, 0.354825]
            ]
          }, {
            "db": 1,
            "id": "MA0079.5",
            "alt": "SP1",
            "len": 9,
            "nsites": 1000,
            "url": "http://jaspar2022.genereg.net/matrix/MA0079.5",
            "pwm": [
              [0.00107695, 0.00108284, 0.950355, 0.0474853], 
              [0.00107695, 0.00108284, 0.996763, 0.00107695], 
              [0.00107695, 0.00108284, 0.996763, 0.00107695], 
              [0.00107695, 0.00108284, 0.996763, 0.00107695], 
              [0.266873, 0.730967, 0.00108284, 0.00107695], 
              [0.00107695, 0.00108284, 0.996763, 0.00107695], 
              [0.00107695, 0.0854624, 0.912384, 0.00107695], 
              [0.254216, 0.0517108, 0.659245, 0.0348286], 
              [0.161398, 0.00108284, 0.836442, 0.00107695]
            ]
          }, {
            "db": 1,
            "id": "MA0080.6",
            "alt": "Spi1",
            "len": 17,
            "nsites": 105198,
            "url": "http://jaspar2022.genereg.net/matrix/MA0080.6",
            "pwm": [
              [0.394485, 0.147037, 0.262961, 0.195517], 
              [0.35667, 0.141647, 0.348191, 0.153492], 
              [0.632436, 0.0652392, 0.216801, 0.0855241], 
              [0.782143, 0.0547352, 0.100895, 0.0622262], 
              [0.774358, 0.0221492, 0.0971502, 0.106342], 
              [0.0820931, 0.115981, 0.760338, 0.0415882], 
              [0.855072, 0.0246582, 0.0915992, 0.0286702], 
              [0.0387552, 0.00522826, 0.944504, 0.0115122], 
              [0.0192782, 0.00789926, 0.963734, 0.0090882], 
              [0.969713, 0.0104093, 0.0101053, 0.0097722], 
              [0.94611, 0.00910726, 0.0173202, 0.0274622], 
              [0.0723971, 0.0671782, 0.847354, 0.0130712], 
              [0.161572, 0.0353242, 0.0487462, 0.754357], 
              [0.0947931, 0.0577482, 0.792648, 0.0548112], 
              [0.220479, 0.11005, 0.548195, 0.121276], 
              [0.373828, 0.165716, 0.264958, 0.195498], 
              [0.355225, 0.162199, 0.249159, 0.233417]
            ]
          }, {
            "db": 1,
            "id": "MA0081.2",
            "alt": "SPIB",
            "len": 16,
            "nsites": 26930,
            "url": "http://jaspar2022.genereg.net/matrix/MA0081.2",
            "pwm": [
              [0.198552, 0.215262, 0.149499, 0.436687], 
              [0.173858, 0.307947, 0.168734, 0.349462], 
              [0.0809135, 0.23873, 0.118568, 0.561789], 
              [0.0140748, 0.890121, 0.0639068, 0.0318987], 
              [0.903042, 0.022987, 0.0248429, 0.0491276], 
              [0.00887579, 0.844038, 0.0934277, 0.0536586], 
              [0.0167108, 0.00876401, 0.00583102, 0.968694], 
              [0.00705579, 0.00742801, 0.009024, 0.976492], 
              [0.00764979, 0.970847, 0.00568202, 0.0158198], 
              [0.0102128, 0.9466, 0.00479102, 0.0383967], 
              [0.0321207, 0.167731, 0.0679178, 0.73223], 
              [0.0378767, 0.74686, 0.0860017, 0.129261], 
              [0.184293, 0.145637, 0.0290019, 0.641067], 
              [0.105384, 0.201448, 0.0774977, 0.615669], 
              [0.154437, 0.223877, 0.0894547, 0.532231], 
              [0.149499, 0.318938, 0.15466, 0.376902]
            ]
          }, {
            "db": 1,
            "id": "MA0123.1",
            "alt": "abi4",
            "len": 10,
            "nsites": 49,
            "url": "http://jaspar2022.genereg.net/matrix/MA0123.1",
            "pwm": [
              [0.000449204, 0.998532, 0.000569126, 0.000449204], 
              [0.244848, 0.000569126, 0.754133, 0.000449204], 
              [0.000449204, 0.407901, 0.591201, 0.000449204], 
              [0.000449204, 0.469001, 0.0209356, 0.509614], 
              [0.0208156, 0.0616684, 0.917066, 0.000449204], 
              [0.000449204, 0.917066, 0.0820359, 0.000449204], 
              [0.102282, 0.570834, 0.122769, 0.204116], 
              [0.0615485, 0.509734, 0.224602, 0.204116], 
              [0.0615485, 0.631934, 0.102402, 0.204116], 
              [0.0819159, 0.5301, 0.143135, 0.244848]
            ]
          }, {
            "db": 1,
            "id": "MA0136.3",
            "alt": "Elf5",
            "len": 12,
            "nsites": 42146,
            "url": "http://jaspar2022.genereg.net/matrix/MA0136.3",
            "pwm": [
              [0.448416, 0.108433, 0.251815, 0.191335], 
              [0.231339, 0.235491, 0.376952, 0.156219], 
              [0.698215, 0.143905, 0.123476, 0.0344044], 
              [0.920085, 0.0232056, 0.0486175, 0.0080915], 
              [0.0121485, 0.00431865, 0.9734, 0.0101315], 
              [0.0139285, 0.0121016, 0.963933, 0.0100375], 
              [0.970339, 0.0137626, 0.00925464, 0.00664451], 
              [0.962177, 0.00923064, 0.0114136, 0.0171785], 
              [0.0619044, 0.0292796, 0.896952, 0.0118645], 
              [0.122906, 0.0796045, 0.117401, 0.680087], 
              [0.304916, 0.187064, 0.322071, 0.185949], 
              [0.311228, 0.198145, 0.299364, 0.191264]
            ]
          }, {
            "db": 1,
            "id": "MA0146.2",
            "alt": "Zfx",
            "len": 14,
            "nsites": 477,
            "url": "http://jaspar2022.genereg.net/matrix/MA0146.2",
            "pwm": [
              [0.104846, 0.373146, 0.375242, 0.146766], 
              [0.12371, 0.356378, 0.362666, 0.157246], 
              [0.190383, 0.315892, 0.416289, 0.077436], 
              [0.150328, 0.102333, 0.619971, 0.127369], 
              [0.0208319, 0.617393, 0.299372, 0.0624032], 
              [0.0125176, 0.750421, 0.0042157, 0.232845], 
              [0.0624032, 0.257801, 0.380436, 0.299359], 
              [0.397052, 0.318079, 0.253643, 0.0312247], 
              [0.0166747, 0.0042157, 0.976985, 0.00212479], 
              [4.62291e-05, 0.00629426, 0.991535, 0.00212479], 
              [4.62291e-05, 0.999849, 5.85707e-05, 4.62291e-05], 
              [4.62291e-05, 0.99777, 5.85707e-05, 0.00212479], 
              [4.62291e-05, 0.00213713, 5.85707e-05, 0.997758], 
              [0.17501, 0.254172, 0.45413, 0.116689]
            ]
          }, {
            "db": 1,
            "id": "MA0156.3",
            "alt": "FEV",
            "len": 12,
            "nsites": 14122,
            "url": "http://jaspar2022.genereg.net/matrix/MA0156.3",
            "pwm": [
              [0.361775, 0.18574, 0.322051, 0.130436], 
              [0.841125, 0.0270028, 0.0916313, 0.0402413], 
              [0.0185124, 0.955944, 0.0214828, 0.00406053], 
              [0.0137645, 0.984499, 0.00173497, 1.5618e-06], 
              [1.5618e-06, 1.97875e-06, 0.999995, 1.5618e-06], 
              [0.00728151, 1.97875e-06, 0.990152, 0.00256454], 
              [0.991677, 0.00606094, 0.00154197, 0.000720557], 
              [0.93088, 0.0100269, 0.00135197, 0.0577422], 
              [0.224324, 0.0153569, 0.757674, 0.00264554], 
              [0.0105915, 0.151791, 0.0154329, 0.822185], 
              [0.236396, 0.222693, 0.402819, 0.138092], 
              [0.319456, 0.24956, 0.29067, 0.140314]
            ]
          }, {
            "db": 1,
            "id": "MA0162.4",
            "alt": "EGR1",
            "len": 14,
            "nsites": 30598,
            "url": "http://jaspar2022.genereg.net/matrix/MA0162.4",
            "pwm": [
              [0.231616, 0.379437, 0.216387, 0.17256], 
              [0.130629, 0.482024, 0.235669, 0.151677], 
              [0.474148, 0.336721, 0.125957, 0.0631745], 
              [0.0209827, 0.928261, 0.0247078, 0.0260476], 
              [0.167004, 0.0369638, 0.726746, 0.0692865], 
              [0.0074197, 0.958819, 0.0217338, 0.0120277], 
              [0.0470626, 0.892899, 0.0475528, 0.0124847], 
              [0.0102627, 0.9464, 0.0228128, 0.0205247], 
              [0.728706, 0.177136, 0.0693517, 0.0248066], 
              [0.0050007, 0.964342, 0.0228458, 0.0078117], 
              [0.153474, 0.0917056, 0.671415, 0.0834044], 
              [0.0316696, 0.823451, 0.0704957, 0.0743845], 
              [0.290967, 0.341231, 0.207366, 0.160435], 
              [0.124485, 0.447283, 0.256618, 0.171613]
            ]
          }, {
            "db": 1,
            "id": "MA0242.1",
            "alt": "Bgb::run",
            "len": 9,
            "nsites": 29,
            "url": "http://jaspar2022.genereg.net/matrix/MA0242.1",
            "pwm": [
              [0.413129, 0.0696893, 0.000960278, 0.516221], 
              [0.928593, 0.000960278, 0.0353248, 0.0351224], 
              [0.962957, 0.000960278, 0.0353248, 0.000757935], 
              [0.000757935, 0.997524, 0.000960278, 0.000757935], 
              [0.000757935, 0.963159, 0.0353248, 0.000757935], 
              [0.172579, 0.0353248, 0.791338, 0.000757935], 
              [0.000757935, 0.997524, 0.000960278, 0.000757935], 
              [0.962957, 0.000960278, 0.000960278, 0.0351224], 
              [0.688043, 0.000960278, 0.310239, 0.000757935]
            ]
          }, {
            "db": 1,
            "id": "MA0443.1",
            "alt": "btd",
            "len": 10,
            "nsites": 30,
            "url": "http://jaspar2022.genereg.net/matrix/MA0443.1",
            "pwm": [
              [0.465849, 0.100596, 0.233486, 0.200068], 
              [0.332958, 0.000928375, 0.665381, 0.000732754], 
              [0.133623, 0.000928375, 0.598935, 0.266514], 
              [0.0671783, 0.000928375, 0.931161, 0.000732754], 
              [0.000732754, 0.000928375, 0.997606, 0.000732754], 
              [0.000732754, 0.000928375, 0.997606, 0.000732754], 
              [0.0671783, 0.931161, 0.000928375, 0.000732754], 
              [0.000732754, 0.000928375, 0.997606, 0.000732754], 
              [0.000732754, 0.000928375, 0.665381, 0.332958], 
              [0.499072, 0.0341506, 0.333154, 0.133623]
            ]
          }, {
            "db": 1,
            "id": "MA0471.2",
            "alt": "E2F6",
            "len": 13,
            "nsites": 33098,
            "url": "http://jaspar2022.genereg.net/matrix/MA0471.2",
            "pwm": [
              [0.220436, 0.243972, 0.373376, 0.162215], 
              [0.253157, 0.22373, 0.351955, 0.171158], 
              [0.288144, 0.154148, 0.349326, 0.208381], 
              [0.0637505, 0.0346857, 0.887876, 0.0136876], 
              [0.00803764, 0.0252898, 0.960479, 0.00619465], 
              [0.116503, 0.798354, 0.0209388, 0.0642035], 
              [0.0354406, 0.0162858, 0.923709, 0.0245636], 
              [0.0102126, 0.0131138, 0.966008, 0.0106656], 
              [0.0106966, 0.0251988, 0.955161, 0.00894364], 
              [0.886366, 0.0353807, 0.0701556, 0.00809764], 
              [0.777235, 0.0481907, 0.151701, 0.0228716], 
              [0.271769, 0.223881, 0.378573, 0.125778], 
              [0.230105, 0.256118, 0.344583, 0.169195]
            ]
          }, {
            "db": 1,
            "id": "MA0473.3",
            "alt": "ELF1",
            "len": 14,
            "nsites": 47770,
            "url": "http://jaspar2022.genereg.net/matrix/MA0473.3",
            "pwm": [
              [0.390999, 0.180595, 0.241574, 0.186833], 
              [0.390371, 0.163994, 0.236655, 0.208981], 
              [0.365083, 0.265836, 0.218547, 0.150534], 
              [0.0647693, 0.793865, 0.100879, 0.0404864], 
              [0.882645, 0.0845304, 0.0195105, 0.0133144], 
              [0.00669945, 0.00881357, 0.976386, 0.00810144], 
              [0.0135864, 0.0105716, 0.962318, 0.0135234], 
              [0.96148, 0.0166636, 0.0141516, 0.00770445], 
              [0.947099, 0.0147586, 0.0163076, 0.0218344], 
              [0.0850533, 0.0328665, 0.873727, 0.00835344], 
              [0.0629893, 0.0417215, 0.0420145, 0.853275], 
              [0.119071, 0.0886754, 0.72759, 0.0646643], 
              [0.262947, 0.247917, 0.354197, 0.134938], 
              [0.251622, 0.265459, 0.282018, 0.2009]
            ]
          }, {
            "db": 1,
            "id": "MA0474.3",
            "alt": "Erg",
            "len": 14,
            "nsites": 30061,
            "url": "http://jaspar2022.genereg.net/matrix/MA0474.3",
            "pwm": [
              [0.32647, 0.208077, 0.282891, 0.182562], 
              [0.310269, 0.239014, 0.287449, 0.163268], 
              [0.654934, 0.0912156, 0.164199, 0.0896514], 
              [0.0611095, 0.823623, 0.0908826, 0.0243847], 
              [0.89062, 0.0851276, 0.0154029, 0.0088497], 
              [0.00565571, 0.00442491, 0.983398, 0.00652071], 
              [0.0098807, 0.0088159, 0.972055, 0.0092487], 
              [0.972952, 0.0118099, 0.0091159, 0.00612171], 
              [0.927479, 0.0123089, 0.0092159, 0.0509966], 
              [0.162802, 0.0390218, 0.785068, 0.0131077], 
              [0.0771105, 0.11011, 0.0954736, 0.717306], 
              [0.161206, 0.131, 0.59938, 0.108413], 
              [0.277536, 0.223279, 0.334719, 0.164466], 
              [0.238116, 0.258741, 0.292173, 0.210971]
            ]
          }, {
            "db": 1,
            "id": "MA0493.2",
            "alt": "KLF1",
            "len": 9,
            "nsites": 1000,
            "url": "http://jaspar2022.genereg.net/matrix/MA0493.2",
            "pwm": [
              [0.246443, 0.0706499, 0.374509, 0.308398], 
              [0.000608995, 0.000614883, 0.998166, 0.000608995], 
              [0.000608995, 0.000614883, 0.998166, 0.000608995], 
              [0.000608995, 0.000614883, 0.998166, 0.000608995], 
              [0.124882, 0.528666, 0.000614883, 0.345837], 
              [0.000608995, 0.000614883, 0.998166, 0.000608995], 
              [0.000608995, 0.000614883, 0.675083, 0.323692], 
              [0.0821948, 0.000614883, 0.896056, 0.0211339], 
              [0.000608995, 0.000614883, 0.998166, 0.000608995]
            ]
          }, {
            "db": 1,
            "id": "MA0508.3",
            "alt": "PRDM1",
            "len": 11,
            "nsites": 55481,
            "url": "http://jaspar2022.genereg.net/matrix/MA0508.3",
            "pwm": [
              [0.157928, 0.320614, 0.119645, 0.401813], 
              [0.309169, 0.221481, 0.158036, 0.311314], 
              [0.0216114, 0.950811, 0.0126355, 0.0149424], 
              [0.0231254, 0.00841749, 0.0148885, 0.953569], 
              [0.0393113, 0.0242615, 0.0182225, 0.918205], 
              [0.0326783, 0.00879649, 0.0101125, 0.948414], 
              [0.0248194, 0.963662, 0.0037315, 0.00778638], 
              [0.0639683, 0.0193945, 0.0250545, 0.891584], 
              [0.0308213, 0.952055, 0.00522749, 0.0118964], 
              [0.189651, 0.244534, 0.0738634, 0.491952], 
              [0.182477, 0.315748, 0.141688, 0.360087]
            ]
          }, {
            "db": 1,
            "id": "MA0511.2",
            "alt": "RUNX2",
            "len": 9,
            "nsites": 8038,
            "url": "http://jaspar2022.genereg.net/matrix/MA0511.2",
            "pwm": [
              [0.481709, 0.135857, 0.04056, 0.341874], 
              [0.737792, 0.0619597, 0.135393, 0.0648559], 
              [0.953201, 0.0467929, 3.47646e-06, 2.74392e-06], 
              [2.74392e-06, 0.999991, 3.47646e-06, 2.74392e-06], 
              [2.74392e-06, 0.999991, 3.47646e-06, 2.74392e-06], 
              [0.282425, 0.00531541, 0.69455, 0.0177095], 
              [2.74392e-06, 0.999991, 3.47646e-06, 2.74392e-06], 
              [0.854756, 0.0614537, 0.0591297, 0.0246604], 
              [0.634738, 0.102268, 0.1713, 0.0916936]
            ]
          }, {
            "db": 1,
            "id": "MA0516.3",
            "alt": "SP2",
            "len": 9,
            "nsites": 1000,
            "url": "http://jaspar2022.genereg.net/matrix/MA0516.3",
            "pwm": [
              [0.153233, 0.000760868, 0.76608, 0.0799261], 
              [0.167894, 0.000760868, 0.83059, 0.00075498], 
              [0.00075498, 0.000760868, 0.997729, 0.00075498], 
              [0.00075498, 0.000760868, 0.997729, 0.00075498], 
              [0.112181, 0.886303, 0.000760868, 0.00075498], 
              [0.00075498, 0.000760868, 0.997729, 0.00075498], 
              [0.00075498, 0.000760868, 0.974271, 0.0242136], 
              [0.120978, 0.000760868, 0.877506, 0.00075498], 
              [0.206013, 0.164967, 0.610671, 0.0183482]
            ]
          }, {
            "db": 1,
            "id": "MA0528.2",
            "alt": "ZNF263",
            "len": 12,
            "nsites": 56343,
            "url": "http://jaspar2022.genereg.net/matrix/MA0528.2",
            "pwm": [
              [0.235823, 0.23144, 0.359991, 0.172746], 
              [0.195517, 0.264611, 0.317395, 0.222477], 
              [0.230747, 0.109739, 0.513143, 0.146371], 
              [0.0285753, 0.0294454, 0.919439, 0.0225414], 
              [0.0140044, 0.0274044, 0.937436, 0.0211564], 
              [0.0168614, 0.0172515, 0.948387, 0.0175004], 
              [0.95664, 0.0294624, 0.00289349, 0.0110044], 
              [0.0147314, 0.0171455, 0.938447, 0.0296753], 
              [0.0123354, 0.0388694, 0.936069, 0.0127264], 
              [0.931774, 0.0312024, 0.0257005, 0.0113244], 
              [0.169302, 0.273557, 0.440605, 0.116536], 
              [0.149726, 0.207461, 0.445752, 0.197061]
            ]
          }, {
            "db": 1,
            "id": "MA0598.3",
            "alt": "EHF",
            "len": 15,
            "nsites": 15368,
            "url": "http://jaspar2022.genereg.net/matrix/MA0598.3",
            "pwm": [
              [0.212129, 0.28247, 0.266918, 0.238483], 
              [0.17582, 0.301145, 0.218311, 0.304723], 
              [0.13756, 0.578278, 0.100209, 0.183954], 
              [0.872849, 0.0296736, 0.0504305, 0.0470471], 
              [0.0109984, 0.853458, 0.0245327, 0.111011], 
              [0.0277863, 0.0108687, 0.00989275, 0.951453], 
              [0.00911138, 0.0106737, 0.0129507, 0.967265], 
              [0.0126904, 0.965183, 0.00904676, 0.0130804], 
              [0.0102824, 0.975854, 0.00657378, 0.00728939], 
              [0.0278513, 0.0395646, 0.100079, 0.832505], 
              [0.0452251, 0.194106, 0.5896, 0.17107], 
              [0.150638, 0.197099, 0.214667, 0.437597], 
              [0.146213, 0.114655, 0.0822503, 0.656881], 
              [0.209266, 0.238873, 0.200938, 0.350923], 
              [0.200612, 0.314224, 0.207834, 0.27733]
            ]
          }, {
            "db": 1,
            "id": "MA0599.1",
            "alt": "KLF5",
            "len": 10,
            "nsites": 13611,
            "url": "http://jaspar2022.genereg.net/matrix/MA0599.1",
            "pwm": [
              [0.10499, 0.148631, 0.556313, 0.190067], 
              [1.62044e-06, 0.874289, 2.05304e-06, 0.125708], 
              [1.62044e-06, 0.882224, 2.05304e-06, 0.117773], 
              [0.255455, 0.703031, 2.05304e-06, 0.0415123], 
              [1.62044e-06, 0.999995, 2.05304e-06, 1.62044e-06], 
              [0.371096, 2.05304e-06, 0.38072, 0.248182], 
              [1.62044e-06, 0.999995, 2.05304e-06, 1.62044e-06], 
              [1.62044e-06, 0.999995, 2.05304e-06, 1.62044e-06], 
              [1.62044e-06, 0.965023, 2.05304e-06, 0.0349734], 
              [0.287635, 0.411064, 2.05304e-06, 0.301299]
            ]
          }, {
            "db": 1,
            "id": "MA0640.2",
            "alt": "ELF3",
            "len": 14,
            "nsites": 48502,
            "url": "http://jaspar2022.genereg.net/matrix/MA0640.2",
            "pwm": [
              [0.241165, 0.261041, 0.211435, 0.286359], 
              [0.202755, 0.271762, 0.245227, 0.280256], 
              [0.117191, 0.509896, 0.142881, 0.230032], 
              [0.133108, 0.576738, 0.0849864, 0.205167], 
              [0.837964, 0.0420605, 0.0539155, 0.0660593], 
              [0.0114224, 0.864912, 0.0281435, 0.0955223], 
              [0.0241434, 0.0282055, 0.0158345, 0.931816], 
              [0.00890744, 0.0194425, 0.0196695, 0.951979], 
              [0.0136494, 0.958331, 0.0116706, 0.0163504], 
              [0.00921644, 0.971237, 0.00975256, 0.00979343], 
              [0.0159994, 0.0271125, 0.0410095, 0.915879], 
              [0.0490084, 0.191291, 0.583872, 0.175828], 
