>ACTTCCTCTTTT	1-ACTTCCTCTTTT	8.508024	-1021.983093	0	T:925.0(22.48%),B:1590.7(3.52%),P:1e-443	Tpos:99.3,Tstd:45.7,Bpos:98.9,Bstd:59.6,StrandBias:0.1,Multiplicity:1.15
0.642	0.054	0.243	0.061
0.001	0.662	0.255	0.082
0.036	0.001	0.001	0.962
0.001	0.001	0.001	0.997
0.001	0.997	0.001	0.001
0.001	0.811	0.001	0.187
0.001	0.271	0.147	0.581
0.023	0.615	0.147	0.215
0.240	0.184	0.001	0.575
0.176	0.049	0.019	0.756
0.159	0.107	0.169	0.565
0.099	0.261	0.175	0.465
>NBYTGTGGTTWN	2-NBYTGTGGTTWN	8.222023	-527.639972	0	T:682.0(16.57%),B:1692.1(3.74%),P:1e-229	Tpos:103.1,Tstd:47.6,Bpos:99.3,Bstd:62.4,StrandBias:-0.2,Multiplicity:1.15
0.178	0.284	0.279	0.260
0.169	0.248	0.220	0.363
0.169	0.417	0.006	0.407
0.001	0.001	0.001	0.997
0.001	0.001	0.997	0.001
0.001	0.005	0.001	0.993
0.001	0.001	0.997	0.001
0.001	0.001	0.997	0.001
0.001	0.074	0.001	0.924
0.001	0.394	0.001	0.604
0.346	0.034	0.143	0.478
0.176	0.260	0.305	0.260
>CCACTAGGGGGC	3-CCACTAGGGGGC	8.832776	-430.477942	0	T:361.0(8.77%),B:529.5(1.17%),P:1e-186	Tpos:101.0,Tstd:40.1,Bpos:96.3,Bstd:59.7,StrandBias:-0.1,Multiplicity:1.02
0.041	0.857	0.047	0.055
0.010	0.981	0.005	0.004
0.820	0.048	0.070	0.062
0.010	0.904	0.076	0.010
0.114	0.256	0.045	0.585
0.845	0.025	0.087	0.043
0.005	0.001	0.968	0.026
0.281	0.010	0.679	0.030
0.027	0.010	0.686	0.277
0.033	0.010	0.929	0.028
0.020	0.020	0.908	0.052
0.110	0.841	0.025	0.024
>NWVCCACTTCCT	4-NWVCCACTTCCT	8.187277	-429.930779	0	T:750.0(18.23%),B:2424.4(5.36%),P:1e-186	Tpos:101.4,Tstd:51.1,Bpos:98.5,Bstd:59.8,StrandBias:-0.0,Multiplicity:1.07
0.308	0.250	0.171	0.272
0.373	0.128	0.154	0.346
0.261	0.310	0.318	0.111
0.129	0.541	0.022	0.308
0.152	0.683	0.001	0.164
0.898	0.084	0.001	0.017
0.001	0.791	0.001	0.207
0.128	0.046	0.001	0.825
0.001	0.024	0.005	0.970
0.001	0.974	0.001	0.024
0.001	0.997	0.001	0.001
0.062	0.262	0.001	0.675
>ARTGACTCAGCA	5-ARTGACTCAGCA	8.397896	-149.631851	0	T:278.0(6.76%),B:910.2(2.01%),P:1e-64	Tpos:101.9,Tstd:48.5,Bpos:99.2,Bstd:66.4,StrandBias:-0.1,Multiplicity:1.07
0.563	0.146	0.157	0.134
0.501	0.069	0.411	0.019
0.109	0.001	0.026	0.864
0.001	0.021	0.944	0.034
0.930	0.012	0.001	0.057
0.050	0.688	0.237	0.025
0.151	0.023	0.001	0.825
0.019	0.896	0.048	0.037
0.849	0.006	0.006	0.139
0.048	0.058	0.626	0.268
0.069	0.794	0.125	0.012
0.672	0.089	0.031	0.208
>KGTTTCCTGTTT	6-KGTTTCCTGTTT	8.608211	-125.643929	0	T:381.0(9.26%),B:1710.1(3.78%),P:1e-54	Tpos:100.7,Tstd:48.9,Bpos:101.7,Bstd:60.2,StrandBias:-0.2,Multiplicity:1.05
0.187	0.075	0.310	0.428
0.031	0.098	0.789	0.082
0.025	0.328	0.043	0.604
0.001	0.057	0.001	0.941
0.001	0.024	0.001	0.974
0.001	0.963	0.001	0.035
0.008	0.983	0.001	0.008
0.015	0.008	0.001	0.976
0.001	0.024	0.790	0.185
0.050	0.240	0.088	0.622
0.148	0.137	0.071	0.644
0.167	0.186	0.180	0.467
>TTGTGGCTTCCT	7-TTGTGGCTTCCT	9.391249	-92.843913	0	T:162.0(3.94%),B:505.5(1.12%),P:1e-40	Tpos:100.1,Tstd:52.6,Bpos:97.4,Bstd:59.7,StrandBias:0.2,Multiplicity:1.01
0.115	0.077	0.077	0.731
0.040	0.067	0.075	0.818
0.001	0.102	0.799	0.098
0.063	0.080	0.029	0.828
0.032	0.013	0.921	0.034
0.059	0.066	0.833	0.042
0.032	0.862	0.053	0.053
0.023	0.076	0.001	0.900
0.013	0.081	0.046	0.860
0.106	0.824	0.001	0.069
0.085	0.811	0.001	0.103
0.064	0.064	0.057	0.815
>CCCTCTGGCGGC	8-CCCTCTGGCGGC	8.091768	-83.744178	0	T:230.0(5.59%),B:973.8(2.15%),P:1e-36	Tpos:98.8,Tstd:56.8,Bpos:104.4,Bstd:59.5,StrandBias:0.1,Multiplicity:1.06
0.001	0.835	0.091	0.073
0.066	0.860	0.017	0.057
0.061	0.937	0.001	0.001
0.035	0.112	0.110	0.743
0.001	0.943	0.055	0.001
0.041	0.073	0.061	0.825
0.091	0.001	0.854	0.054
0.053	0.055	0.827	0.065
0.065	0.789	0.084	0.062
0.077	0.121	0.730	0.072
0.065	0.100	0.764	0.071
0.001	0.888	0.046	0.065
>GAGATCAGATAA	9-GAGATCAGATAA	6.526889	-76.656528	0	T:706.0(17.16%),B:4905.1(10.85%),P:1e-33	Tpos:101.6,Tstd:53.8,Bpos:100.2,Bstd:61.7,StrandBias:0.1,Multiplicity:1.13
0.125	0.143	0.669	0.063
0.859	0.001	0.028	0.112
0.100	0.063	0.770	0.067
0.814	0.031	0.091	0.064
0.089	0.048	0.149	0.714
0.204	0.527	0.083	0.186
0.817	0.006	0.034	0.143
0.041	0.101	0.852	0.006
0.845	0.029	0.042	0.084
0.149	0.063	0.139	0.649
0.684	0.078	0.112	0.126
0.805	0.011	0.076	0.108
>AGTTCCTCAAAA	10-AGTTCCTCAAAA	12.650411	-65.571134	0	T:27.0(0.66%),B:11.3(0.02%),P:1e-28	Tpos:109.9,Tstd:49.6,Bpos:100.9,Bstd:48.5,StrandBias:0.5,Multiplicity:1.00
0.904	0.001	0.094	0.001
0.001	0.095	0.863	0.041
0.001	0.094	0.001	0.904
0.042	0.042	0.042	0.874
0.041	0.957	0.001	0.001
0.001	0.997	0.001	0.001
0.001	0.001	0.001	0.997
0.041	0.934	0.024	0.001
0.957	0.001	0.001	0.041
0.957	0.001	0.001	0.041
0.904	0.001	0.001	0.094
0.957	0.001	0.001	0.041
>VHTAATCCTCNN	11-VHTAATCCTCNN	7.733153	-63.961336	0	T:15.0(0.36%),B:0.7(0.00%),P:1e-27	Tpos:100.5,Tstd:58.3,Bpos:65.0,Bstd:0.0,StrandBias:0.2,Multiplicity:1.00
0.352	0.222	0.243	0.183
0.230	0.344	0.191	0.235
0.074	0.135	0.139	0.652
0.640	0.113	0.117	0.130
0.626	0.135	0.135	0.104
0.130	0.170	0.135	0.565
0.117	0.627	0.139	0.117
0.096	0.552	0.265	0.087
0.143	0.126	0.248	0.483
0.109	0.612	0.183	0.096
0.287	0.305	0.200	0.209
0.226	0.230	0.300	0.244
>ACCCTTATCAGT	12-ACCCTTATCAGT	12.826199	-62.670879	0	T:17.0(0.41%),B:2.4(0.01%),P:1e-27	Tpos:92.7,Tstd:54.1,Bpos:19.6,Bstd:9.6,StrandBias:-0.5,Multiplicity:1.41
0.997	0.001	0.001	0.001
0.029	0.941	0.029	0.001
0.001	0.997	0.001	0.001
0.001	0.970	0.001	0.028
0.001	0.001	0.001	0.997
0.001	0.001	0.001	0.997
0.997	0.001	0.001	0.001
0.028	0.001	0.001	0.970
0.029	0.913	0.029	0.029
0.970	0.001	0.028	0.001
0.001	0.001	0.997	0.001
0.001	0.001	0.001	0.997
>GGGGTTTACACC	13-GGGGTTTACACC	10.530684	-58.852751	0	T:14.0(0.34%),B:1.4(0.00%),P:1e-25	Tpos:110.9,Tstd:58.4,Bpos:100.5,Bstd:1.3,StrandBias:-0.8,Multiplicity:1.00
0.024	0.049	0.926	0.001
0.001	0.001	0.997	0.001
0.001	0.001	0.997	0.001
0.001	0.048	0.710	0.241
0.001	0.001	0.001	0.997
0.001	0.001	0.001	0.997
0.001	0.001	0.001	0.997
0.997	0.001	0.001	0.001
0.001	0.997	0.001	0.001
0.997	0.001	0.001	0.001
0.001	0.997	0.001	0.001
0.001	0.975	0.023	0.001
>ACAGACCCTTTA	14-ACAGACCCTTTA	16.552241	-53.813348	0	T:13.0(0.32%),B:1.8(0.00%),P:1e-23	Tpos:105.7,Tstd:62.2,Bpos:101.7,Bstd:15.4,StrandBias:0.2,Multiplicity:1.00
0.997	0.001	0.001	0.001
0.001	0.997	0.001	0.001
0.997	0.001	0.001	0.001
0.001	0.001	0.997	0.001
0.997	0.001	0.001	0.001
0.001	0.997	0.001	0.001
0.001	0.997	0.001	0.001
0.047	0.951	0.001	0.001
0.001	0.001	0.001	0.997
0.001	0.001	0.001	0.997
0.001	0.001	0.001	0.997
0.997	0.001	0.001	0.001
>TGTGATCTTTGT	15-TGTGATCTTTGT	10.011321	-53.649100	0	T:15.0(0.36%),B:2.4(0.01%),P:1e-23	Tpos:101.0,Tstd:58.5,Bpos:119.0,Bstd:0.0,StrandBias:0.3,Multiplicity:1.47
0.001	0.001	0.001	0.997
0.001	0.414	0.584	0.001
0.001	0.001	0.001	0.997
0.001	0.001	0.997	0.001
0.997	0.001	0.001	0.001
0.001	0.004	0.001	0.994
0.001	0.997	0.001	0.001
0.001	0.001	0.001	0.997
0.414	0.001	0.001	0.584
0.001	0.001	0.001	0.997
0.001	0.001	0.997	0.001
0.001	0.001	0.001	0.997
>CAACCGCATAGA	16-CAACCGCATAGA	9.360988	-53.649100	0	T:15.0(0.36%),B:2.1(0.00%),P:1e-23	Tpos:100.6,Tstd:48.1,Bpos:17.2,Bstd:11.4,StrandBias:-0.7,Multiplicity:1.07
0.001	0.997	0.001	0.001
0.997	0.001	0.001	0.001
0.997	0.001	0.001	0.001
0.001	0.997	0.001	0.001
0.001	0.725	0.001	0.273
0.001	0.001	0.997	0.001
0.001	0.997	0.001	0.001
0.997	0.001	0.001	0.001
0.273	0.001	0.001	0.725
0.982	0.016	0.001	0.001
0.001	0.001	0.997	0.001
0.997	0.001	0.001	0.001
>ATCAAGACAATA	17-ATCAAGACAATA	13.736423	-48.848229	0	T:12.0(0.29%),B:1.8(0.00%),P:1e-21	Tpos:103.8,Tstd:53.3,Bpos:116.3,Bstd:38.8,StrandBias:-0.5,Multiplicity:1.00
0.933	0.065	0.001	0.001
0.001	0.001	0.001	0.997
0.001	0.997	0.001	0.001
0.997	0.001	0.001	0.001
0.997	0.001	0.001	0.001
0.001	0.001	0.997	0.001
0.933	0.001	0.065	0.001
0.001	0.933	0.001	0.065
0.997	0.001	0.001	0.001
0.997	0.001	0.001	0.001
0.001	0.001	0.001	0.997
0.997	0.001	0.001	0.001
>ASACATTCCATA	18-ASACATTCCATA	11.212096	-48.848229	0	T:12.0(0.29%),B:1.9(0.00%),P:1e-21	Tpos:127.1,Tstd:46.2,Bpos:128.9,Bstd:30.4,StrandBias:1.3,Multiplicity:1.42
0.898	0.040	0.021	0.041
0.081	0.347	0.491	0.081
0.692	0.041	0.206	0.061
0.061	0.612	0.246	0.081
0.857	0.101	0.001	0.041
0.001	0.122	0.102	0.775
0.142	0.041	0.122	0.695
0.103	0.651	0.101	0.145
0.231	0.668	0.020	0.081
0.737	0.081	0.040	0.142
0.001	0.019	0.001	0.979
0.548	0.102	0.124	0.226
>CCACATGACATC	19-CCACATGACATC	9.072929	-35.193995	0	T:93.0(2.26%),B:390.9(0.86%),P:1e-15	Tpos:109.1,Tstd:53.4,Bpos:102.7,Bstd:66.4,StrandBias:-0.2,Multiplicity:1.07
0.068	0.807	0.040	0.085
0.068	0.875	0.023	0.034
0.825	0.087	0.020	0.068
0.042	0.842	0.105	0.011
0.859	0.051	0.034	0.056
0.057	0.034	0.038	0.871
0.045	0.059	0.843	0.053
0.819	0.045	0.057	0.079
0.068	0.839	0.059	0.034
0.794	0.094	0.011	0.101
0.079	0.072	0.066	0.783
0.034	0.846	0.097	0.023
>TATGTTCAGCGG	20-TATGTTCAGCGG	10.300194	-30.941074	0	T:13.0(0.32%),B:6.7(0.01%),P:1e-13	Tpos:107.1,Tstd:60.9,Bpos:99.4,Bstd:47.7,StrandBias:0.7,Multiplicity:1.00
0.072	0.070	0.118	0.740
0.670	0.111	0.122	0.097
0.082	0.051	0.082	0.785
0.036	0.111	0.762	0.091
0.077	0.118	0.087	0.718
0.077	0.087	0.092	0.744
0.072	0.811	0.056	0.061
0.863	0.015	0.021	0.101
0.077	0.061	0.806	0.056
0.162	0.625	0.102	0.111
0.154	0.031	0.683	0.132
0.051	0.077	0.795	0.077
>AGGGCGGGGCCG	21-AGGGCGGGGCCG	9.265994	-30.845129	0	T:156.0(3.79%),B:888.8(1.97%),P:1e-13	Tpos:105.0,Tstd:59.2,Bpos:95.1,Bstd:55.8,StrandBias:-0.6,Multiplicity:1.09
0.818	0.069	0.029	0.084
0.045	0.068	0.886	0.001
0.001	0.001	0.997	0.001
0.083	0.042	0.874	0.001
0.110	0.764	0.045	0.081
0.088	0.015	0.802	0.095
0.034	0.001	0.884	0.081
0.094	0.049	0.797	0.060
0.045	0.016	0.938	0.001
0.048	0.780	0.073	0.099
0.111	0.717	0.076	0.096
0.106	0.081	0.740	0.073
>ATATCWCAGTGG	22-ATATCWCAGTGG	11.603138	-29.089822	0	T:18.0(0.44%),B:19.0(0.04%),P:1e-12	Tpos:102.7,Tstd:52.6,Bpos:111.8,Bstd:66.0,StrandBias:0.5,Multiplicity:1.59
0.758	0.001	0.122	0.119
0.001	0.001	0.001	0.997
0.880	0.118	0.001	0.001
0.001	0.001	0.118	0.880
0.001	0.997	0.001	0.001
0.517	0.001	0.001	0.481
0.001	0.761	0.001	0.237
0.997	0.001	0.001	0.001
0.001	0.001	0.997	0.001
0.001	0.001	0.001	0.997
0.001	0.240	0.758	0.001
0.119	0.119	0.761	0.001
>ATCATGATAACA	23-ATCATGATAACA	9.328668	-26.475883	0	T:72.0(1.75%),B:310.9(0.69%),P:1e-11	Tpos:100.8,Tstd:54.7,Bpos:98.9,Bstd:58.6,StrandBias:0.5,Multiplicity:1.04
0.834	0.062	0.043	0.061
0.088	0.070	0.096	0.746
0.050	0.813	0.084	0.053
0.882	0.043	0.021	0.054
0.075	0.026	0.032	0.867
0.032	0.072	0.861	0.035
0.862	0.053	0.053	0.032
0.083	0.064	0.094	0.759
0.792	0.032	0.083	0.093
0.940	0.011	0.017	0.032
0.077	0.764	0.107	0.052
0.885	0.051	0.021	0.043
>AGAGGAGCCTCA	24-AGAGGAGCCTCA	12.804445	-19.821493	0	T:14.0(0.34%),B:18.4(0.04%),P:1e-8	Tpos:90.8,Tstd:52.9,Bpos:115.7,Bstd:61.5,StrandBias:-1.7,Multiplicity:1.50
0.769	0.001	0.229	0.001
0.261	0.001	0.737	0.001
0.767	0.001	0.231	0.001
0.115	0.001	0.769	0.115
0.001	0.001	0.997	0.001
0.997	0.001	0.001	0.001
0.001	0.001	0.997	0.001
0.001	0.997	0.001	0.001
0.001	0.637	0.001	0.361
0.001	0.116	0.001	0.882
0.114	0.884	0.001	0.001
0.884	0.001	0.114	0.001
>CCTACAGCCAGC	25-CCTACAGCCAGC	13.736423	-16.960163	0	T:6.0(0.15%),B:2.9(0.01%),P:1e-7	Tpos:80.2,Tstd:61.4,Bpos:134.2,Bstd:45.7,StrandBias:1.6,Multiplicity:2.00
0.065	0.933	0.001	0.001
0.001	0.997	0.001	0.001
0.001	0.001	0.001	0.997
0.997	0.001	0.001	0.001
0.065	0.933	0.001	0.001
0.997	0.001	0.001	0.001
0.001	0.001	0.997	0.001
0.001	0.997	0.001	0.001
0.001	0.997	0.001	0.001
0.997	0.001	0.001	0.001
0.065	0.001	0.933	0.001
0.001	0.997	0.001	0.001
