>ACTTCCTCTT	1-ACTTCCTCTT	7.114961	-789.297277	0	T:1307.0(31.76%),B:4293.7(9.50%),P:1e-342	Tpos:99.3,Tstd:47.6,Bpos:98.8,Bstd:61.7,StrandBias:0.1,Multiplicity:1.24
0.800	0.013	0.129	0.058
0.001	0.768	0.169	0.062
0.023	0.002	0.009	0.966
0.009	0.012	0.007	0.972
0.003	0.988	0.003	0.006
0.004	0.882	0.015	0.099
0.007	0.280	0.093	0.620
0.029	0.695	0.111	0.165
0.282	0.133	0.033	0.552
0.153	0.042	0.044	0.761
>WAACCACADN	2-WAACCACADN	6.698054	-616.343982	0	T:1078.0(26.20%),B:3604.7(7.97%),P:1e-267	Tpos:103.6,Tstd:49.6,Bpos:99.6,Bstd:62.5,StrandBias:0.2,Multiplicity:1.21
0.331	0.211	0.055	0.404
0.506	0.049	0.320	0.125
0.712	0.132	0.154	0.002
0.016	0.971	0.003	0.010
0.001	0.951	0.039	0.009
0.759	0.001	0.185	0.055
0.056	0.864	0.049	0.031
0.642	0.048	0.105	0.205
0.374	0.090	0.291	0.246
0.265	0.197	0.273	0.264
>YTGTGGTTTC	3-YTGTGGTTTC	5.583509	-397.578959	0	T:1844.0(44.81%),B:11158.6(24.68%),P:1e-172	Tpos:100.5,Tstd:54.6,Bpos:100.7,Bstd:62.6,StrandBias:0.1,Multiplicity:1.15
0.123	0.361	0.093	0.423
0.149	0.137	0.043	0.671
0.171	0.124	0.621	0.084
0.081	0.226	0.001	0.692
0.003	0.089	0.907	0.001
0.001	0.001	0.997	0.001
0.001	0.130	0.129	0.740
0.054	0.176	0.125	0.645
0.273	0.114	0.168	0.445
0.092	0.457	0.253	0.197
>NAGATAAGVH	4-NAGATAAGVH	6.764993	-397.327497	0	T:974.0(23.67%),B:4046.1(8.95%),P:1e-172	Tpos:98.9,Tstd:50.0,Bpos:99.3,Bstd:62.4,StrandBias:0.0,Multiplicity:1.18
0.234	0.326	0.191	0.248
0.717	0.001	0.021	0.261
0.001	0.001	0.997	0.001
0.979	0.001	0.001	0.019
0.001	0.001	0.001	0.997
0.838	0.011	0.036	0.115
0.860	0.020	0.001	0.119
0.245	0.191	0.437	0.127
0.372	0.289	0.272	0.066
0.286	0.245	0.135	0.334
>YCRYTTCCTG	5-YCRYTTCCTG	7.273407	-347.650755	0	T:1145.0(27.83%),B:5656.9(12.51%),P:1e-150	Tpos:99.4,Tstd:52.9,Bpos:97.2,Bstd:61.8,StrandBias:-0.0,Multiplicity:1.12
0.054	0.384	0.141	0.421
0.124	0.577	0.122	0.177
0.460	0.089	0.449	0.001
0.001	0.516	0.001	0.482
0.155	0.001	0.001	0.843
0.001	0.011	0.084	0.904
0.001	0.989	0.009	0.001
0.017	0.981	0.001	0.001
0.001	0.001	0.001	0.997
0.073	0.143	0.619	0.165
>CCCCCTAGTG	6-CCCCCTAGTG	8.280288	-309.694897	0	T:356.0(8.65%),B:762.0(1.69%),P:1e-134	Tpos:102.8,Tstd:43.6,Bpos:95.6,Bstd:61.7,StrandBias:0.1,Multiplicity:1.02
0.053	0.886	0.053	0.008
0.038	0.907	0.039	0.016
0.306	0.651	0.029	0.014
0.046	0.576	0.034	0.344
0.007	0.982	0.001	0.010
0.030	0.014	0.014	0.942
0.563	0.062	0.291	0.084
0.034	0.123	0.819	0.024
0.057	0.170	0.039	0.734
0.037	0.010	0.946	0.007
>GMTGAGTCAT	7-GMTGAGTCAT	7.519459	-169.865790	0	T:380.0(9.23%),B:1424.9(3.15%),P:1e-73	Tpos:104.7,Tstd:50.1,Bpos:100.9,Bstd:64.7,StrandBias:0.0,Multiplicity:1.08
0.250	0.170	0.437	0.143
0.391	0.392	0.173	0.044
0.001	0.019	0.001	0.979
0.051	0.004	0.866	0.079
0.898	0.069	0.001	0.032
0.115	0.307	0.563	0.015
0.001	0.001	0.001	0.997
0.001	0.997	0.001	0.001
0.989	0.001	0.009	0.001
0.040	0.116	0.267	0.577
>TTCYGCTWTT	8-TTCYGCTWTT	7.578313	-146.720351	0	T:393.0(9.55%),B:1647.7(3.64%),P:1e-63	Tpos:99.4,Tstd:53.0,Bpos:101.2,Bstd:59.6,StrandBias:-0.0,Multiplicity:1.08
0.118	0.027	0.001	0.854
0.152	0.001	0.014	0.833
0.023	0.975	0.001	0.001
0.001	0.398	0.239	0.362
0.070	0.296	0.633	0.001
0.001	0.753	0.156	0.090
0.110	0.020	0.117	0.753
0.392	0.001	0.235	0.372
0.082	0.001	0.080	0.837
0.001	0.177	0.136	0.686
>YGTGGCTRCM	9-YGTGGCTRCM	6.520902	-90.107413	0	T:563.0(13.68%),B:3466.7(7.67%),P:1e-39	Tpos:100.2,Tstd:54.3,Bpos:100.4,Bstd:62.5,StrandBias:-0.1,Multiplicity:1.07
0.001	0.442	0.001	0.556
0.001	0.001	0.997	0.001
0.001	0.159	0.001	0.839
0.120	0.001	0.878	0.001
0.001	0.001	0.997	0.001
0.001	0.997	0.001	0.001
0.086	0.316	0.001	0.597
0.416	0.001	0.427	0.156
0.348	0.522	0.001	0.129
0.463	0.410	0.126	0.001
>VSTTKTGHAA	10-VSTTKTGHAA	6.422516	-74.599874	0	T:279.0(6.78%),B:1387.1(3.07%),P:1e-32	Tpos:101.7,Tstd:53.9,Bpos:98.5,Bstd:60.4,StrandBias:0.1,Multiplicity:1.05
0.209	0.237	0.355	0.199
0.059	0.345	0.446	0.151
0.028	0.090	0.050	0.832
0.063	0.029	0.233	0.675
0.044	0.215	0.413	0.328
0.265	0.039	0.241	0.455
0.027	0.173	0.620	0.180
0.283	0.372	0.039	0.306
0.616	0.021	0.231	0.132
0.793	0.037	0.130	0.040
>GTTACGTCAT	11-GTTACGTCAT	5.236976	-66.528962	0	T:464.0(11.28%),B:2950.4(6.53%),P:1e-28	Tpos:97.6,Tstd:52.2,Bpos:98.7,Bstd:61.7,StrandBias:0.0,Multiplicity:1.10
0.104	0.103	0.690	0.103
0.105	0.119	0.080	0.696
0.090	0.128	0.131	0.651
0.676	0.094	0.119	0.111
0.102	0.667	0.089	0.142
0.109	0.125	0.672	0.094
0.099	0.092	0.096	0.713
0.098	0.732	0.090	0.080
0.755	0.100	0.064	0.081
0.081	0.084	0.085	0.750
>GCCCTGCGGG	12-GCCCTGCGGG	6.345471	-64.210799	0	T:1066.0(25.91%),B:8536.0(18.88%),P:1e-27	Tpos:101.7,Tstd:55.8,Bpos:100.8,Bstd:61.2,StrandBias:0.0,Multiplicity:1.37
0.006	0.195	0.785	0.014
0.004	0.760	0.213	0.023
0.089	0.523	0.223	0.165
0.005	0.887	0.007	0.101
0.111	0.073	0.077	0.739
0.015	0.043	0.940	0.002
0.007	0.703	0.103	0.187
0.170	0.126	0.504	0.200
0.076	0.125	0.746	0.053
0.167	0.192	0.456	0.186
>TSTGATAACA	13-TSTGATAACA	7.605108	-43.222005	0	T:278.0(6.76%),B:1718.0(3.80%),P:1e-18	Tpos:100.4,Tstd:54.5,Bpos:96.8,Bstd:65.9,StrandBias:-0.2,Multiplicity:1.07
0.090	0.110	0.154	0.646
0.022	0.523	0.416	0.039
0.001	0.001	0.001	0.997
0.001	0.064	0.934	0.001
0.605	0.001	0.001	0.393
0.159	0.293	0.001	0.547
0.659	0.001	0.339	0.001
0.688	0.051	0.016	0.245
0.001	0.997	0.001	0.001
0.895	0.103	0.001	0.001
>GGTTTTACKC	14-GGTTTTACKC	7.792193	-40.496902	0	T:32.0(0.78%),B:46.0(0.10%),P:1e-17	Tpos:91.8,Tstd:58.6,Bpos:95.4,Bstd:61.2,StrandBias:-0.4,Multiplicity:1.00
0.001	0.001	0.997	0.001
0.001	0.001	0.997	0.001
0.001	0.016	0.095	0.888
0.002	0.001	0.001	0.996
0.001	0.001	0.001	0.997
0.001	0.001	0.001	0.997
0.997	0.001	0.001	0.001
0.001	0.997	0.001	0.001
0.148	0.001	0.363	0.488
0.001	0.997	0.001	0.001
>TTACTAATCC	15-TTACTAATCC	11.869789	-37.699938	0	T:17.0(0.41%),B:10.0(0.02%),P:1e-16	Tpos:97.2,Tstd:58.4,Bpos:86.8,Bstd:69.3,StrandBias:0.2,Multiplicity:1.00
0.001	0.001	0.001	0.997
0.001	0.140	0.001	0.858
0.997	0.001	0.001	0.001
0.001	0.997	0.001	0.001
0.001	0.001	0.001	0.997
0.997	0.001	0.001	0.001
0.997	0.001	0.001	0.001
0.001	0.001	0.001	0.997
0.001	0.997	0.001	0.001
0.001	0.997	0.001	0.001
>GACCCTTTAC	16-GACCCTTTAC	11.162253	-35.832251	0	T:12.0(0.29%),B:3.9(0.01%),P:1e-15	Tpos:111.3,Tstd:64.5,Bpos:102.6,Bstd:27.3,StrandBias:0.5,Multiplicity:1.00
0.001	0.001	0.997	0.001
0.997	0.001	0.001	0.001
0.001	0.997	0.001	0.001
0.001	0.997	0.001	0.001
0.001	0.997	0.001	0.001
0.001	0.001	0.069	0.929
0.001	0.001	0.001	0.997
0.001	0.001	0.001	0.997
0.997	0.001	0.001	0.001
0.001	0.997	0.001	0.001
>GTKATCTTTG	17-GTKATCTTTG	7.974308	-34.055017	0	T:31.0(0.75%),B:53.0(0.12%),P:1e-14	Tpos:102.0,Tstd:55.0,Bpos:98.3,Bstd:67.1,StrandBias:0.4,Multiplicity:1.25
0.001	0.001	0.997	0.001
0.001	0.353	0.001	0.645
0.001	0.001	0.497	0.501
0.997	0.001	0.001	0.001
0.001	0.001	0.001	0.997
0.001	0.997	0.001	0.001
0.001	0.001	0.001	0.997
0.001	0.001	0.001	0.997
0.001	0.016	0.001	0.982
0.001	0.001	0.997	0.001
>GGCCCCGCCC	18-GGCCCCGCCC	7.066558	-29.211882	0	T:494.0(12.00%),B:3911.7(8.65%),P:1e-12	Tpos:105.4,Tstd:56.6,Bpos:96.5,Bstd:57.3,StrandBias:0.2,Multiplicity:1.32
0.104	0.041	0.805	0.050
0.062	0.028	0.886	0.024
0.052	0.805	0.067	0.076
0.076	0.755	0.069	0.100
0.101	0.756	0.053	0.090
0.116	0.775	0.059	0.050
0.063	0.035	0.788	0.114
0.061	0.809	0.043	0.087
0.052	0.826	0.072	0.050
0.063	0.798	0.039	0.100
>AGATAGGGTA	19-AGATAGGGTA	8.566875	-27.097430	0	T:67.0(1.63%),B:273.2(0.60%),P:1e-11	Tpos:116.2,Tstd:55.7,Bpos:100.4,Bstd:63.9,StrandBias:0.1,Multiplicity:1.00
0.971	0.001	0.001	0.027
0.014	0.001	0.683	0.302
0.849	0.147	0.001	0.003
0.001	0.009	0.001	0.989
0.994	0.001	0.004	0.001
0.001	0.001	0.804	0.194
0.001	0.104	0.894	0.001
0.001	0.051	0.946	0.002
0.001	0.145	0.041	0.813
0.606	0.001	0.001	0.392
>CTGWGATATC	20-CTGWGATATC	10.692853	-25.858141	0	T:26.0(0.63%),B:51.8(0.11%),P:1e-11	Tpos:84.0,Tstd:54.8,Bpos:96.1,Bstd:49.9,StrandBias:-0.8,Multiplicity:1.00
0.001	0.997	0.001	0.001
0.001	0.001	0.001	0.997
0.001	0.001	0.997	0.001
0.570	0.001	0.001	0.428
0.001	0.001	0.997	0.001
0.602	0.396	0.001	0.001
0.001	0.001	0.001	0.997
0.997	0.001	0.001	0.001
0.001	0.001	0.001	0.997
0.001	0.873	0.125	0.001
>TTGCGCAATG	21-TTGCGCAATG	10.001771	-25.031109	0	T:26.0(0.63%),B:53.1(0.12%),P:1e-10	Tpos:107.3,Tstd:49.1,Bpos:93.4,Bstd:68.7,StrandBias:0.8,Multiplicity:1.00
0.033	0.001	0.001	0.965
0.001	0.057	0.057	0.885
0.001	0.001	0.942	0.056
0.014	0.724	0.024	0.238
0.066	0.024	0.829	0.081
0.056	0.942	0.001	0.001
0.885	0.057	0.001	0.057
0.965	0.001	0.033	0.001
0.028	0.001	0.057	0.914
0.001	0.001	0.997	0.001
>AGGGTACTGC	22-AGGGTACTGC	11.480301	-21.659646	0	T:10.0(0.24%),B:6.3(0.01%),P:1e-9	Tpos:90.1,Tstd:55.5,Bpos:115.8,Bstd:42.6,StrandBias:0.0,Multiplicity:1.00
0.997	0.001	0.001	0.001
0.001	0.001	0.997	0.001
0.001	0.001	0.997	0.001
0.001	0.001	0.997	0.001
0.001	0.001	0.001	0.997
0.997	0.001	0.001	0.001
0.001	0.997	0.001	0.001
0.001	0.106	0.001	0.892
0.106	0.001	0.892	0.001
0.001	0.997	0.001	0.001
>CAGCTTACCC	23-CAGCTTACCC	11.756460	-14.781448	0	T:8.0(0.19%),B:7.2(0.02%),P:1e-6	Tpos:68.8,Tstd:40.8,Bpos:39.6,Bstd:50.7,StrandBias:0.7,Multiplicity:1.00
0.001	0.997	0.001	0.001
0.997	0.001	0.001	0.001
0.001	0.001	0.997	0.001
0.001	0.997	0.001	0.001
0.001	0.001	0.001	0.997
0.001	0.001	0.001	0.997
0.997	0.001	0.001	0.001
0.001	0.997	0.001	0.001
0.001	0.873	0.125	0.001
0.001	0.997	0.001	0.001
>CGCTAGACCA	24-CGCTAGACCA	10.296193	-8.589349	0	T:4.0(0.10%),B:4.0(0.01%),P:1e-3	Tpos:68.0,Tstd:42.1,Bpos:56.1,Bstd:30.6,StrandBias:1.6,Multiplicity:2.00
0.100	0.700	0.100	0.100
0.100	0.100	0.700	0.100
0.100	0.700	0.100	0.100
0.100	0.100	0.100	0.700
0.700	0.100	0.100	0.100
0.100	0.100	0.700	0.100
0.700	0.100	0.100	0.100
0.100	0.700	0.100	0.100
0.100	0.700	0.100	0.100
0.700	0.100	0.100	0.100
>TACAGCCAGC	25-TACAGCCAGC	10.296193	-6.462503	0	T:5.0(0.12%),B:9.9(0.02%),P:1e-2	Tpos:97.5,Tstd:61.3,Bpos:93.6,Bstd:60.1,StrandBias:2.2,Multiplicity:2.20
0.100	0.100	0.100	0.700
0.700	0.100	0.100	0.100
0.100	0.700	0.100	0.100
0.700	0.100	0.100	0.100
0.100	0.100	0.700	0.100
0.100	0.700	0.100	0.100
0.100	0.700	0.100	0.100
0.700	0.100	0.100	0.100
0.100	0.100	0.700	0.100
0.100	0.700	0.100	0.100
