>GAGGAAGT	1-GAGGAAGT	7.285020	-576.963267	0	T:978.0(23.77%),B:3160.7(6.99%),P:1e-250	Tpos:100.8,Tstd:49.0,Bpos:98.8,Bstd:63.1,StrandBias:-0.1,Multiplicity:1.15
0.137	0.116	0.746	0.001
0.818	0.001	0.180	0.001
0.001	0.001	0.997	0.001
0.001	0.001	0.997	0.001
0.997	0.001	0.001	0.001
0.997	0.001	0.001	0.001
0.001	0.082	0.916	0.001
0.001	0.001	0.001	0.997
>YAACCACA	2-YAACCACA	7.605540	-529.604129	0	T:832.0(20.22%),B:2493.6(5.52%),P:1e-230	Tpos:103.0,Tstd:49.3,Bpos:98.9,Bstd:63.5,StrandBias:0.1,Multiplicity:1.18
0.242	0.356	0.001	0.401
0.625	0.001	0.239	0.135
0.808	0.087	0.104	0.001
0.001	0.997	0.001	0.001
0.001	0.997	0.001	0.001
0.839	0.001	0.159	0.001
0.001	0.997	0.001	0.001
0.843	0.001	0.023	0.133
>TGTGGCTT	3-TGTGGCTT	4.773768	-375.564793	0	T:1335.0(32.44%),B:6943.9(15.36%),P:1e-163	Tpos:98.2,Tstd:56.3,Bpos:101.9,Bstd:65.6,StrandBias:-0.2,Multiplicity:1.10
0.001	0.341	0.001	0.657
0.001	0.001	0.997	0.001
0.001	0.001	0.001	0.997
0.001	0.003	0.995	0.001
0.001	0.001	0.997	0.001
0.001	0.752	0.048	0.199
0.001	0.242	0.001	0.756
0.240	0.001	0.001	0.758
>AASCGGAA	4-AASCGGAA	6.539135	-358.903972	0	T:911.0(22.14%),B:3842.2(8.50%),P:1e-155	Tpos:98.4,Tstd:49.1,Bpos:101.0,Bstd:60.0,StrandBias:-0.0,Multiplicity:1.13
0.748	0.058	0.036	0.158
0.770	0.017	0.070	0.143
0.136	0.368	0.455	0.041
0.339	0.539	0.070	0.052
0.025	0.038	0.936	0.001
0.012	0.153	0.781	0.054
0.825	0.057	0.021	0.097
0.954	0.020	0.013	0.013
>CAGATAAG	5-CAGATAAG	5.587885	-357.832355	0	T:1366.0(33.20%),B:7350.7(16.26%),P:1e-155	Tpos:100.5,Tstd:51.7,Bpos:99.3,Bstd:63.1,StrandBias:-0.0,Multiplicity:1.31
0.196	0.420	0.212	0.172
0.631	0.083	0.021	0.265
0.041	0.028	0.923	0.008
0.933	0.008	0.032	0.027
0.041	0.026	0.037	0.896
0.875	0.048	0.025	0.052
0.833	0.013	0.128	0.026
0.255	0.178	0.491	0.075
>TTGTGGTT	6-TTGTGGTT	6.964072	-330.983657	0	T:925.0(22.48%),B:4124.8(9.12%),P:1e-143	Tpos:102.9,Tstd:51.5,Bpos:100.7,Bstd:63.8,StrandBias:-0.1,Multiplicity:1.08
0.175	0.001	0.001	0.823
0.291	0.001	0.114	0.594
0.001	0.064	0.934	0.001
0.129	0.001	0.001	0.869
0.001	0.001	0.997	0.001
0.001	0.001	0.997	0.001
0.001	0.281	0.082	0.636
0.080	0.232	0.003	0.685
>AGGAAVTG	7-AGGAAVTG	7.423986	-295.220282	0	T:996.0(24.20%),B:4918.3(10.88%),P:1e-128	Tpos:100.6,Tstd:53.6,Bpos:99.5,Bstd:64.0,StrandBias:0.1,Multiplicity:1.07
0.801	0.197	0.001	0.001
0.001	0.001	0.997	0.001
0.001	0.001	0.997	0.001
0.739	0.259	0.001	0.001
0.711	0.001	0.001	0.287
0.338	0.282	0.379	0.001
0.001	0.148	0.001	0.850
0.369	0.023	0.607	0.001
>CCCTGYGG	8-CCCTGYGG	5.487930	-186.335468	0	T:1560.0(37.91%),B:11057.2(24.45%),P:1e-80	Tpos:99.9,Tstd:55.4,Bpos:100.5,Bstd:62.3,StrandBias:0.0,Multiplicity:1.28
0.053	0.447	0.267	0.234
0.069	0.458	0.223	0.251
0.001	0.643	0.026	0.330
0.132	0.179	0.036	0.653
0.076	0.050	0.869	0.005
0.037	0.517	0.001	0.445
0.110	0.092	0.753	0.045
0.040	0.077	0.842	0.041
>RTAACCRM	9-RTAACCRM	5.781539	-156.813907	0	T:676.0(16.43%),B:3644.0(8.06%),P:1e-68	Tpos:99.5,Tstd:57.9,Bpos:98.0,Bstd:62.7,StrandBias:0.1,Multiplicity:1.04
0.374	0.020	0.455	0.151
0.175	0.071	0.001	0.753
0.600	0.026	0.254	0.120
0.753	0.032	0.181	0.034
0.138	0.839	0.001	0.022
0.001	0.997	0.001	0.001
0.436	0.094	0.447	0.023
0.314	0.385	0.104	0.197
>ATGACTCA	10-ATGACTCA	6.869640	-148.576668	0	T:485.0(11.79%),B:2275.0(5.03%),P:1e-64	Tpos:104.1,Tstd:50.9,Bpos:100.5,Bstd:65.3,StrandBias:-0.0,Multiplicity:1.08
0.737	0.110	0.152	0.001
0.001	0.001	0.001	0.997
0.001	0.001	0.997	0.001
0.986	0.001	0.001	0.012
0.024	0.631	0.284	0.061
0.036	0.001	0.022	0.941
0.060	0.920	0.019	0.001
0.973	0.001	0.009	0.017
>VAGGAAAC	11-VAGGAAAC	8.205378	-135.513231	0	T:743.0(18.06%),B:4411.4(9.76%),P:1e-58	Tpos:101.2,Tstd:53.2,Bpos:98.5,Bstd:62.5,StrandBias:-0.0,Multiplicity:1.10
0.354	0.349	0.296	0.001
0.997	0.001	0.001	0.001
0.001	0.001	0.997	0.001
0.001	0.001	0.997	0.001
0.760	0.001	0.238	0.001
0.997	0.001	0.001	0.001
0.673	0.001	0.325	0.001
0.001	0.997	0.001	0.001
>TACGTCAT	12-TACGTCAT	5.798962	-89.890890	0	T:615.0(14.95%),B:3908.4(8.64%),P:1e-39	Tpos:98.4,Tstd:53.5,Bpos:100.2,Bstd:63.1,StrandBias:0.1,Multiplicity:1.13
0.058	0.126	0.152	0.664
0.698	0.111	0.024	0.167
0.083	0.597	0.067	0.253
0.065	0.161	0.706	0.068
0.091	0.050	0.037	0.822
0.106	0.875	0.001	0.018
0.865	0.058	0.031	0.046
0.029	0.119	0.073	0.779
>CACTAGCG	13-CACTAGCG	5.560157	-81.811306	0	T:913.0(22.19%),B:6705.3(14.83%),P:1e-35	Tpos:99.3,Tstd:55.3,Bpos:100.0,Bstd:64.1,StrandBias:0.1,Multiplicity:1.10
0.001	0.854	0.065	0.080
0.501	0.247	0.251	0.001
0.001	0.909	0.089	0.001
0.033	0.145	0.003	0.819
0.809	0.022	0.102	0.067
0.012	0.083	0.768	0.137
0.265	0.480	0.254	0.001
0.001	0.160	0.588	0.251
>TKACGCAA	14-TKACGCAA	6.234377	-70.480937	0	T:668.0(16.23%),B:4669.2(10.33%),P:1e-30	Tpos:100.8,Tstd:52.7,Bpos:98.4,Bstd:60.9,StrandBias:0.1,Multiplicity:1.14
0.001	0.015	0.001	0.983
0.066	0.001	0.450	0.483
0.566	0.001	0.124	0.309
0.056	0.477	0.179	0.289
0.076	0.117	0.739	0.068
0.001	0.974	0.001	0.024
0.947	0.048	0.001	0.004
0.866	0.001	0.132	0.001
>TCTGCTGT	15-TCTGCTGT	6.717412	-62.511015	0	T:685.0(16.65%),B:4966.5(10.98%),P:1e-27	Tpos:102.1,Tstd:54.1,Bpos:100.4,Bstd:66.4,StrandBias:0.1,Multiplicity:1.12
0.001	0.055	0.054	0.890
0.001	0.895	0.056	0.048
0.069	0.001	0.057	0.873
0.064	0.001	0.934	0.001
0.079	0.873	0.047	0.001
0.001	0.026	0.340	0.633
0.218	0.055	0.444	0.282
0.145	0.063	0.153	0.639
>CGCCMTCT	16-CGCCMTCT	8.156501	-60.491528	0	T:222.0(5.39%),B:1094.1(2.42%),P:1e-26	Tpos:102.7,Tstd:48.9,Bpos:98.6,Bstd:54.5,StrandBias:-0.0,Multiplicity:1.07
0.001	0.758	0.240	0.001
0.001	0.001	0.997	0.001
0.001	0.801	0.001	0.197
0.001	0.758	0.240	0.001
0.525	0.473	0.001	0.001
0.001	0.362	0.038	0.599
0.171	0.790	0.001	0.038
0.001	0.001	0.141	0.857
>DTAGTCAC	17-DTAGTCAC	5.636658	-59.679676	0	T:1035.0(25.15%),B:8343.4(18.45%),P:1e-25	Tpos:101.4,Tstd:56.4,Bpos:100.6,Bstd:63.7,StrandBias:-0.2,Multiplicity:1.13
0.266	0.085	0.300	0.349
0.001	0.130	0.127	0.742
0.743	0.072	0.001	0.184
0.268	0.001	0.730	0.001
0.001	0.001	0.001	0.997
0.001	0.877	0.113	0.009
0.980	0.001	0.018	0.001
0.149	0.566	0.174	0.111
>AACMGCWG	18-AACMGCWG	7.140650	-58.419466	0	T:414.0(10.06%),B:2642.8(5.85%),P:1e-25	Tpos:98.4,Tstd:55.9,Bpos:101.8,Bstd:66.3,StrandBias:0.1,Multiplicity:1.04
0.997	0.001	0.001	0.001
0.890	0.108	0.001	0.001
0.001	0.997	0.001	0.001
0.359	0.494	0.146	0.001
0.001	0.001	0.997	0.001
0.220	0.546	0.001	0.233
0.448	0.062	0.178	0.312
0.218	0.001	0.644	0.137
>TTATGAMA	19-TTATGAMA	5.133053	-52.694396	0	T:1122.0(27.27%),B:9382.0(20.75%),P:1e-22	Tpos:99.6,Tstd:55.1,Bpos:99.8,Bstd:62.2,StrandBias:0.1,Multiplicity:1.16
0.001	0.018	0.001	0.980
0.001	0.001	0.154	0.844
0.600	0.358	0.015	0.027
0.001	0.075	0.051	0.873
0.001	0.051	0.947	0.001
0.837	0.001	0.001	0.161
0.496	0.482	0.003	0.019
0.997	0.001	0.001	0.001
>CGGCCCTG	20-CGGCCCTG	6.211033	-44.870718	0	T:1383.0(33.61%),B:12264.3(27.12%),P:1e-19	Tpos:99.1,Tstd:57.3,Bpos:99.7,Bstd:62.6,StrandBias:0.1,Multiplicity:1.42
0.001	0.629	0.134	0.236
0.185	0.094	0.544	0.177
0.001	0.201	0.797	0.001
0.001	0.997	0.001	0.001
0.001	0.654	0.344	0.001
0.001	0.936	0.001	0.062
0.222	0.100	0.001	0.677
0.001	0.393	0.605	0.001
>TGCTATCT	21-TGCTATCT	8.878851	-26.553677	0	T:132.0(3.21%),B:749.8(1.66%),P:1e-11	Tpos:97.9,Tstd:57.6,Bpos:101.4,Bstd:66.2,StrandBias:0.7,Multiplicity:1.01
0.164	0.001	0.001	0.834
0.162	0.001	0.836	0.001
0.001	0.997	0.001	0.001
0.001	0.001	0.001	0.997
0.997	0.001	0.001	0.001
0.001	0.001	0.001	0.997
0.001	0.997	0.001	0.001
0.175	0.001	0.001	0.823
>TACTTAWC	22-TACTTAWC	7.013179	-22.967036	0	T:242.0(5.88%),B:1731.5(3.83%),P:1e-9	Tpos:95.0,Tstd:55.7,Bpos:102.5,Bstd:61.4,StrandBias:0.3,Multiplicity:1.06
0.001	0.001	0.001	0.997
0.969	0.024	0.006	0.001
0.001	0.997	0.001	0.001
0.001	0.001	0.001	0.997
0.218	0.001	0.001	0.780
0.892	0.106	0.001	0.001
0.456	0.001	0.001	0.542
0.001	0.604	0.394	0.001
>CCTTTACG	23-CCTTTACG	8.236954	-20.919098	0	T:18.0(0.44%),B:30.8(0.07%),P:1e-9	Tpos:115.5,Tstd:60.8,Bpos:94.3,Bstd:54.1,StrandBias:0.2,Multiplicity:1.00
0.100	0.700	0.100	0.100
0.100	0.700	0.100	0.100
0.100	0.100	0.100	0.700
0.100	0.100	0.100	0.700
0.100	0.100	0.100	0.700
0.700	0.100	0.100	0.100
0.100	0.700	0.100	0.100
0.100	0.100	0.700	0.100
>TCTACCRC	24-TCTACCRC	6.470547	-16.951161	0	T:86.0(2.09%),B:499.8(1.11%),P:1e-7	Tpos:97.4,Tstd:59.3,Bpos:97.1,Bstd:61.1,StrandBias:0.0,Multiplicity:1.17
0.001	0.001	0.001	0.997
0.030	0.968	0.001	0.001
0.001	0.001	0.252	0.746
0.997	0.001	0.001	0.001
0.001	0.997	0.001	0.001
0.001	0.997	0.001	0.001
0.447	0.001	0.551	0.001
0.001	0.997	0.001	0.001
>ATATCTCA	25-ATATCTCA	7.252621	-14.524280	0	T:134.0(3.26%),B:937.4(2.07%),P:1e-6	Tpos:96.7,Tstd:58.5,Bpos:99.7,Bstd:61.5,StrandBias:0.3,Multiplicity:1.18
0.997	0.001	0.001	0.001
0.001	0.001	0.001	0.997
0.997	0.001	0.001	0.001
0.001	0.001	0.001	0.997
0.001	0.997	0.001	0.001
0.298	0.001	0.028	0.673
0.001	0.838	0.160	0.001
0.932	0.001	0.066	0.001
