>ACTTCCTCTT	1-ACTTCCTCTT	7.114961	-789.297277	0	T:1307.0(31.76%),B:4293.7(9.50%),P:1e-342	Tpos:99.3,Tstd:47.6,Bpos:98.8,Bstd:61.7,StrandBias:0.1,Multiplicity:1.24
0.800	0.013	0.129	0.058
0.001	0.768	0.169	0.062
0.023	0.002	0.009	0.966
0.009	0.012	0.007	0.972
0.003	0.988	0.003	0.006
0.004	0.882	0.015	0.099
0.007	0.280	0.093	0.620
0.029	0.695	0.111	0.165
0.282	0.133	0.033	0.552
0.153	0.042	0.044	0.761
>WAACCACADN	2-WAACCACADN	6.698054	-616.343982	0	T:1078.0(26.20%),B:3604.7(7.97%),P:1e-267	Tpos:103.6,Tstd:49.6,Bpos:99.6,Bstd:62.5,StrandBias:0.2,Multiplicity:1.21
0.331	0.211	0.055	0.404
0.506	0.049	0.320	0.125
0.712	0.132	0.154	0.002
0.016	0.971	0.003	0.010
0.001	0.951	0.039	0.009
0.759	0.001	0.185	0.055
0.056	0.864	0.049	0.031
0.642	0.048	0.105	0.205
0.374	0.090	0.291	0.246
0.265	0.197	0.273	0.264
>YTGTGGTTTC	3-YTGTGGTTTC	5.583509	-397.578959	0	T:1844.0(44.81%),B:11158.6(24.68%),P:1e-172	Tpos:100.5,Tstd:54.6,Bpos:100.7,Bstd:62.6,StrandBias:0.1,Multiplicity:1.15
0.123	0.361	0.093	0.423
0.149	0.137	0.043	0.671
0.171	0.124	0.621	0.084
0.081	0.226	0.001	0.692
0.003	0.089	0.907	0.001
0.001	0.001	0.997	0.001
0.001	0.130	0.129	0.740
0.054	0.176	0.125	0.645
0.273	0.114	0.168	0.445
0.092	0.457	0.253	0.197
>NAGATAAGVH	4-NAGATAAGVH	6.764993	-397.327497	0	T:974.0(23.67%),B:4046.1(8.95%),P:1e-172	Tpos:98.9,Tstd:50.0,Bpos:99.3,Bstd:62.4,StrandBias:0.0,Multiplicity:1.18
0.234	0.326	0.191	0.248
0.717	0.001	0.021	0.261
0.001	0.001	0.997	0.001
0.979	0.001	0.001	0.019
0.001	0.001	0.001	0.997
0.838	0.011	0.036	0.115
0.860	0.020	0.001	0.119
0.245	0.191	0.437	0.127
0.372	0.289	0.272	0.066
0.286	0.245	0.135	0.334
>YCRYTTCCTG	5-YCRYTTCCTG	7.273407	-347.650755	0	T:1145.0(27.83%),B:5656.9(12.51%),P:1e-150	Tpos:99.4,Tstd:52.9,Bpos:97.2,Bstd:61.8,StrandBias:-0.0,Multiplicity:1.12
0.054	0.384	0.141	0.421
0.124	0.577	0.122	0.177
0.460	0.089	0.449	0.001
0.001	0.516	0.001	0.482
0.155	0.001	0.001	0.843
0.001	0.011	0.084	0.904
0.001	0.989	0.009	0.001
0.017	0.981	0.001	0.001
0.001	0.001	0.001	0.997
0.073	0.143	0.619	0.165
>CCCCCTAGTG	6-CCCCCTAGTG	8.280288	-309.694897	0	T:356.0(8.65%),B:762.0(1.69%),P:1e-134	Tpos:102.8,Tstd:43.6,Bpos:95.6,Bstd:61.7,StrandBias:0.1,Multiplicity:1.02
0.053	0.886	0.053	0.008
0.038	0.907	0.039	0.016
0.306	0.651	0.029	0.014
0.046	0.576	0.034	0.344
0.007	0.982	0.001	0.010
0.030	0.014	0.014	0.942
0.563	0.062	0.291	0.084
0.034	0.123	0.819	0.024
0.057	0.170	0.039	0.734
0.037	0.010	0.946	0.007
>GMTGAGTCAT	7-GMTGAGTCAT	7.519459	-169.865790	0	T:380.0(9.23%),B:1424.9(3.15%),P:1e-73	Tpos:104.7,Tstd:50.1,Bpos:100.9,Bstd:64.7,StrandBias:0.0,Multiplicity:1.08
0.250	0.170	0.437	0.143
0.391	0.392	0.173	0.044
0.001	0.019	0.001	0.979
0.051	0.004	0.866	0.079
0.898	0.069	0.001	0.032
0.115	0.307	0.563	0.015
0.001	0.001	0.001	0.997
0.001	0.997	0.001	0.001
0.989	0.001	0.009	0.001
0.040	0.116	0.267	0.577
>TTCYGCTWTT	8-TTCYGCTWTT	7.578313	-146.720351	0	T:393.0(9.55%),B:1647.7(3.64%),P:1e-63	Tpos:99.4,Tstd:53.0,Bpos:101.2,Bstd:59.6,StrandBias:-0.0,Multiplicity:1.08
0.118	0.027	0.001	0.854
0.152	0.001	0.014	0.833
0.023	0.975	0.001	0.001
0.001	0.398	0.239	0.362
0.070	0.296	0.633	0.001
0.001	0.753	0.156	0.090
0.110	0.020	0.117	0.753
0.392	0.001	0.235	0.372
0.082	0.001	0.080	0.837
0.001	0.177	0.136	0.686
>YGTGGCTRCM	9-YGTGGCTRCM	6.520902	-90.107413	0	T:563.0(13.68%),B:3466.7(7.67%),P:1e-39	Tpos:100.2,Tstd:54.3,Bpos:100.4,Bstd:62.5,StrandBias:-0.1,Multiplicity:1.07
0.001	0.442	0.001	0.556
0.001	0.001	0.997	0.001
0.001	0.159	0.001	0.839
0.120	0.001	0.878	0.001
0.001	0.001	0.997	0.001
0.001	0.997	0.001	0.001
0.086	0.316	0.001	0.597
0.416	0.001	0.427	0.156
0.348	0.522	0.001	0.129
0.463	0.410	0.126	0.001
>VSTTKTGHAA	10-VSTTKTGHAA	6.422516	-74.599874	0	T:279.0(6.78%),B:1387.1(3.07%),P:1e-32	Tpos:101.7,Tstd:53.9,Bpos:98.5,Bstd:60.4,StrandBias:0.1,Multiplicity:1.05
0.209	0.237	0.355	0.199
0.059	0.345	0.446	0.151
0.028	0.090	0.050	0.832
0.063	0.029	0.233	0.675
0.044	0.215	0.413	0.328
0.265	0.039	0.241	0.455
0.027	0.173	0.620	0.180
0.283	0.372	0.039	0.306
0.616	0.021	0.231	0.132
0.793	0.037	0.130	0.040
>GTTACGTCAT	11-GTTACGTCAT	5.236976	-66.528962	0	T:464.0(11.28%),B:2950.4(6.53%),P:1e-28	Tpos:97.6,Tstd:52.2,Bpos:98.7,Bstd:61.7,StrandBias:0.0,Multiplicity:1.10
0.104	0.103	0.690	0.103
0.105	0.119	0.080	0.696
0.090	0.128	0.131	0.651
0.676	0.094	0.119	0.111
0.102	0.667	0.089	0.142
0.109	0.125	0.672	0.094
0.099	0.092	0.096	0.713
0.098	0.732	0.090	0.080
0.755	0.100	0.064	0.081
0.081	0.084	0.085	0.750
>GCCCTGCGGG	12-GCCCTGCGGG	6.345471	-64.210799	0	T:1066.0(25.91%),B:8536.0(18.88%),P:1e-27	Tpos:101.7,Tstd:55.8,Bpos:100.8,Bstd:61.2,StrandBias:0.0,Multiplicity:1.37
0.006	0.195	0.785	0.014
0.004	0.760	0.213	0.023
0.089	0.523	0.223	0.165
0.005	0.887	0.007	0.101
0.111	0.073	0.077	0.739
0.015	0.043	0.940	0.002
0.007	0.703	0.103	0.187
0.170	0.126	0.504	0.200
0.076	0.125	0.746	0.053
0.167	0.192	0.456	0.186
>TSTGATAACA	13-TSTGATAACA	7.605108	-43.222005	0	T:278.0(6.76%),B:1718.0(3.80%),P:1e-18	Tpos:100.4,Tstd:54.5,Bpos:96.8,Bstd:65.9,StrandBias:-0.2,Multiplicity:1.07
0.090	0.110	0.154	0.646
0.022	0.523	0.416	0.039
0.001	0.001	0.001	0.997
0.001	0.064	0.934	0.001
0.605	0.001	0.001	0.393
0.159	0.293	0.001	0.547
0.659	0.001	0.339	0.001
0.688	0.051	0.016	0.245
0.001	0.997	0.001	0.001
0.895	0.103	0.001	0.001
>GGTTTTACKC	14-GGTTTTACKC	7.792193	-40.496902	0	T:32.0(0.78%),B:46.0(0.10%),P:1e-17	Tpos:91.8,Tstd:58.6,Bpos:95.4,Bstd:61.2,StrandBias:-0.4,Multiplicity:1.00
0.001	0.001	0.997	0.001
0.001	0.001	0.997	0.001
0.001	0.016	0.095	0.888
0.002	0.001	0.001	0.996
0.001	0.001	0.001	0.997
0.001	0.001	0.001	0.997
0.997	0.001	0.001	0.001
0.001	0.997	0.001	0.001
0.148	0.001	0.363	0.488
0.001	0.997	0.001	0.001
>TTACTAATCC	15-TTACTAATCC	11.869789	-37.699938	0	T:17.0(0.41%),B:10.0(0.02%),P:1e-16	Tpos:97.2,Tstd:58.4,Bpos:86.8,Bstd:69.3,StrandBias:0.2,Multiplicity:1.00
0.001	0.001	0.001	0.997
0.001	0.140	0.001	0.858
0.997	0.001	0.001	0.001
0.001	0.997	0.001	0.001
0.001	0.001	0.001	0.997
0.997	0.001	0.001	0.001
0.997	0.001	0.001	0.001
0.001	0.001	0.001	0.997
0.001	0.997	0.001	0.001
0.001	0.997	0.001	0.001
>GACCCTTTAC	16-GACCCTTTAC	11.162253	-35.832251	0	T:12.0(0.29%),B:3.9(0.01%),P:1e-15	Tpos:111.3,Tstd:64.5,Bpos:102.6,Bstd:27.3,StrandBias:0.5,Multiplicity:1.00
0.001	0.001	0.997	0.001
0.997	0.001	0.001	0.001
0.001	0.997	0.001	0.001
0.001	0.997	0.001	0.001
0.001	0.997	0.001	0.001
0.001	0.001	0.069	0.929
0.001	0.001	0.001	0.997
0.001	0.001	0.001	0.997
0.997	0.001	0.001	0.001
0.001	0.997	0.001	0.001
>GTKATCTTTG	17-GTKATCTTTG	7.974308	-34.055017	0	T:31.0(0.75%),B:53.0(0.12%),P:1e-14	Tpos:102.0,Tstd:55.0,Bpos:98.3,Bstd:67.1,StrandBias:0.4,Multiplicity:1.25
0.001	0.001	0.997	0.001
0.001	0.353	0.001	0.645
0.001	0.001	0.497	0.501
0.997	0.001	0.001	0.001
0.001	0.001	0.001	0.997
0.001	0.997	0.001	0.001
0.001	0.001	0.001	0.997
0.001	0.001	0.001	0.997
0.001	0.016	0.001	0.982
0.001	0.001	0.997	0.001
>GGCCCCGCCC	18-GGCCCCGCCC	7.066558	-29.211882	0	T:494.0(12.00%),B:3911.7(8.65%),P:1e-12	Tpos:105.4,Tstd:56.6,Bpos:96.5,Bstd:57.3,StrandBias:0.2,Multiplicity:1.32
0.104	0.041	0.805	0.050
0.062	0.028	0.886	0.024
0.052	0.805	0.067	0.076
0.076	0.755	0.069	0.100
0.101	0.756	0.053	0.090
0.116	0.775	0.059	0.050
0.063	0.035	0.788	0.114
0.061	0.809	0.043	0.087
0.052	0.826	0.072	0.050
0.063	0.798	0.039	0.100
>AGATAGGGTA	19-AGATAGGGTA	8.566875	-27.097430	0	T:67.0(1.63%),B:273.2(0.60%),P:1e-11	Tpos:116.2,Tstd:55.7,Bpos:100.4,Bstd:63.9,StrandBias:0.1,Multiplicity:1.00
0.971	0.001	0.001	0.027
0.014	0.001	0.683	0.302
0.849	0.147	0.001	0.003
0.001	0.009	0.001	0.989
0.994	0.001	0.004	0.001
0.001	0.001	0.804	0.194
0.001	0.104	0.894	0.001
0.001	0.051	0.946	0.002
0.001	0.145	0.041	0.813
0.606	0.001	0.001	0.392
>CTGWGATATC	20-CTGWGATATC	10.692853	-25.858141	0	T:26.0(0.63%),B:51.8(0.11%),P:1e-11	Tpos:84.0,Tstd:54.8,Bpos:96.1,Bstd:49.9,StrandBias:-0.8,Multiplicity:1.00
0.001	0.997	0.001	0.001
0.001	0.001	0.001	0.997
0.001	0.001	0.997	0.001
0.570	0.001	0.001	0.428
0.001	0.001	0.997	0.001
0.602	0.396	0.001	0.001
0.001	0.001	0.001	0.997
0.997	0.001	0.001	0.001
0.001	0.001	0.001	0.997
0.001	0.873	0.125	0.001
>TTGCGCAATG	21-TTGCGCAATG	10.001771	-25.031109	0	T:26.0(0.63%),B:53.1(0.12%),P:1e-10	Tpos:107.3,Tstd:49.1,Bpos:93.4,Bstd:68.7,StrandBias:0.8,Multiplicity:1.00
0.033	0.001	0.001	0.965
0.001	0.057	0.057	0.885
0.001	0.001	0.942	0.056
0.014	0.724	0.024	0.238
0.066	0.024	0.829	0.081
0.056	0.942	0.001	0.001
0.885	0.057	0.001	0.057
0.965	0.001	0.033	0.001
0.028	0.001	0.057	0.914
0.001	0.001	0.997	0.001
>AGGGTACTGC	22-AGGGTACTGC	11.480301	-21.659646	0	T:10.0(0.24%),B:6.3(0.01%),P:1e-9	Tpos:90.1,Tstd:55.5,Bpos:115.8,Bstd:42.6,StrandBias:0.0,Multiplicity:1.00
0.997	0.001	0.001	0.001
0.001	0.001	0.997	0.001
0.001	0.001	0.997	0.001
0.001	0.001	0.997	0.001
0.001	0.001	0.001	0.997
0.997	0.001	0.001	0.001
0.001	0.997	0.001	0.001
0.001	0.106	0.001	0.892
0.106	0.001	0.892	0.001
0.001	0.997	0.001	0.001
>CAGCTTACCC	23-CAGCTTACCC	11.756460	-14.781448	0	T:8.0(0.19%),B:7.2(0.02%),P:1e-6	Tpos:68.8,Tstd:40.8,Bpos:39.6,Bstd:50.7,StrandBias:0.7,Multiplicity:1.00
0.001	0.997	0.001	0.001
0.997	0.001	0.001	0.001
0.001	0.001	0.997	0.001
0.001	0.997	0.001	0.001
0.001	0.001	0.001	0.997
0.001	0.001	0.001	0.997
0.997	0.001	0.001	0.001
0.001	0.997	0.001	0.001
0.001	0.873	0.125	0.001
0.001	0.997	0.001	0.001
>CGCTAGACCA	24-CGCTAGACCA	10.296193	-8.589349	0	T:4.0(0.10%),B:4.0(0.01%),P:1e-3	Tpos:68.0,Tstd:42.1,Bpos:56.1,Bstd:30.6,StrandBias:1.6,Multiplicity:2.00
0.100	0.700	0.100	0.100
0.100	0.100	0.700	0.100
0.100	0.700	0.100	0.100
0.100	0.100	0.100	0.700
0.700	0.100	0.100	0.100
0.100	0.100	0.700	0.100
0.700	0.100	0.100	0.100
0.100	0.700	0.100	0.100
0.100	0.700	0.100	0.100
0.700	0.100	0.100	0.100
>TACAGCCAGC	25-TACAGCCAGC	10.296193	-6.462503	0	T:5.0(0.12%),B:9.9(0.02%),P:1e-2	Tpos:97.5,Tstd:61.3,Bpos:93.6,Bstd:60.1,StrandBias:2.2,Multiplicity:2.20
0.100	0.100	0.100	0.700
0.700	0.100	0.100	0.100
0.100	0.700	0.100	0.100
0.700	0.100	0.100	0.100
0.100	0.100	0.700	0.100
0.100	0.700	0.100	0.100
0.100	0.700	0.100	0.100
0.700	0.100	0.100	0.100
0.100	0.100	0.700	0.100
0.100	0.700	0.100	0.100
>ACTTCCTCTTTT	1-ACTTCCTCTTTT	8.508024	-1021.983093	0	T:925.0(22.48%),B:1590.7(3.52%),P:1e-443	Tpos:99.3,Tstd:45.7,Bpos:98.9,Bstd:59.6,StrandBias:0.1,Multiplicity:1.15
0.642	0.054	0.243	0.061
0.001	0.662	0.255	0.082
0.036	0.001	0.001	0.962
0.001	0.001	0.001	0.997
0.001	0.997	0.001	0.001
0.001	0.811	0.001	0.187
0.001	0.271	0.147	0.581
0.023	0.615	0.147	0.215
0.240	0.184	0.001	0.575
0.176	0.049	0.019	0.756
0.159	0.107	0.169	0.565
0.099	0.261	0.175	0.465
>NBYTGTGGTTWN	2-NBYTGTGGTTWN	8.222023	-527.639972	0	T:682.0(16.57%),B:1692.1(3.74%),P:1e-229	Tpos:103.1,Tstd:47.6,Bpos:99.3,Bstd:62.4,StrandBias:-0.2,Multiplicity:1.15
0.178	0.284	0.279	0.260
0.169	0.248	0.220	0.363
0.169	0.417	0.006	0.407
0.001	0.001	0.001	0.997
0.001	0.001	0.997	0.001
0.001	0.005	0.001	0.993
0.001	0.001	0.997	0.001
0.001	0.001	0.997	0.001
0.001	0.074	0.001	0.924
0.001	0.394	0.001	0.604
0.346	0.034	0.143	0.478
0.176	0.260	0.305	0.260
>CCACTAGGGGGC	3-CCACTAGGGGGC	8.832776	-430.477942	0	T:361.0(8.77%),B:529.5(1.17%),P:1e-186	Tpos:101.0,Tstd:40.1,Bpos:96.3,Bstd:59.7,StrandBias:-0.1,Multiplicity:1.02
0.041	0.857	0.047	0.055
0.010	0.981	0.005	0.004
0.820	0.048	0.070	0.062
0.010	0.904	0.076	0.010
0.114	0.256	0.045	0.585
0.845	0.025	0.087	0.043
0.005	0.001	0.968	0.026
0.281	0.010	0.679	0.030
0.027	0.010	0.686	0.277
0.033	0.010	0.929	0.028
0.020	0.020	0.908	0.052
0.110	0.841	0.025	0.024
>NWVCCACTTCCT	4-NWVCCACTTCCT	8.187277	-429.930779	0	T:750.0(18.23%),B:2424.4(5.36%),P:1e-186	Tpos:101.4,Tstd:51.1,Bpos:98.5,Bstd:59.8,StrandBias:-0.0,Multiplicity:1.07
0.308	0.250	0.171	0.272
0.373	0.128	0.154	0.346
0.261	0.310	0.318	0.111
0.129	0.541	0.022	0.308
0.152	0.683	0.001	0.164
0.898	0.084	0.001	0.017
0.001	0.791	0.001	0.207
0.128	0.046	0.001	0.825
0.001	0.024	0.005	0.970
0.001	0.974	0.001	0.024
0.001	0.997	0.001	0.001
0.062	0.262	0.001	0.675
>ARTGACTCAGCA	5-ARTGACTCAGCA	8.397896	-149.631851	0	T:278.0(6.76%),B:910.2(2.01%),P:1e-64	Tpos:101.9,Tstd:48.5,Bpos:99.2,Bstd:66.4,StrandBias:-0.1,Multiplicity:1.07
0.563	0.146	0.157	0.134
0.501	0.069	0.411	0.019
0.109	0.001	0.026	0.864
0.001	0.021	0.944	0.034
0.930	0.012	0.001	0.057
0.050	0.688	0.237	0.025
0.151	0.023	0.001	0.825
0.019	0.896	0.048	0.037
0.849	0.006	0.006	0.139
0.048	0.058	0.626	0.268
0.069	0.794	0.125	0.012
0.672	0.089	0.031	0.208
>KGTTTCCTGTTT	6-KGTTTCCTGTTT	8.608211	-125.643929	0	T:381.0(9.26%),B:1710.1(3.78%),P:1e-54	Tpos:100.7,Tstd:48.9,Bpos:101.7,Bstd:60.2,StrandBias:-0.2,Multiplicity:1.05
0.187	0.075	0.310	0.428
0.031	0.098	0.789	0.082
0.025	0.328	0.043	0.604
0.001	0.057	0.001	0.941
0.001	0.024	0.001	0.974
0.001	0.963	0.001	0.035
0.008	0.983	0.001	0.008
0.015	0.008	0.001	0.976
0.001	0.024	0.790	0.185
0.050	0.240	0.088	0.622
0.148	0.137	0.071	0.644
0.167	0.186	0.180	0.467
>TTGTGGCTTCCT	7-TTGTGGCTTCCT	9.391249	-92.843913	0	T:162.0(3.94%),B:505.5(1.12%),P:1e-40	Tpos:100.1,Tstd:52.6,Bpos:97.4,Bstd:59.7,StrandBias:0.2,Multiplicity:1.01
0.115	0.077	0.077	0.731
0.040	0.067	0.075	0.818
0.001	0.102	0.799	0.098
0.063	0.080	0.029	0.828
0.032	0.013	0.921	0.034
0.059	0.066	0.833	0.042
0.032	0.862	0.053	0.053
0.023	0.076	0.001	0.900
0.013	0.081	0.046	0.860
0.106	0.824	0.001	0.069
0.085	0.811	0.001	0.103
0.064	0.064	0.057	0.815
>CCCTCTGGCGGC	8-CCCTCTGGCGGC	8.091768	-83.744178	0	T:230.0(5.59%),B:973.8(2.15%),P:1e-36	Tpos:98.8,Tstd:56.8,Bpos:104.4,Bstd:59.5,StrandBias:0.1,Multiplicity:1.06
0.001	0.835	0.091	0.073
0.066	0.860	0.017	0.057
0.061	0.937	0.001	0.001
0.035	0.112	0.110	0.743
0.001	0.943	0.055	0.001
0.041	0.073	0.061	0.825
0.091	0.001	0.854	0.054
0.053	0.055	0.827	0.065
0.065	0.789	0.084	0.062
0.077	0.121	0.730	0.072
0.065	0.100	0.764	0.071
0.001	0.888	0.046	0.065
>GAGATCAGATAA	9-GAGATCAGATAA	6.526889	-76.656528	0	T:706.0(17.16%),B:4905.1(10.85%),P:1e-33	Tpos:101.6,Tstd:53.8,Bpos:100.2,Bstd:61.7,StrandBias:0.1,Multiplicity:1.13
0.125	0.143	0.669	0.063
0.859	0.001	0.028	0.112
0.100	0.063	0.770	0.067
0.814	0.031	0.091	0.064
0.089	0.048	0.149	0.714
0.204	0.527	0.083	0.186
0.817	0.006	0.034	0.143
0.041	0.101	0.852	0.006
0.845	0.029	0.042	0.084
0.149	0.063	0.139	0.649
0.684	0.078	0.112	0.126
0.805	0.011	0.076	0.108
>AGTTCCTCAAAA	10-AGTTCCTCAAAA	12.650411	-65.571134	0	T:27.0(0.66%),B:11.3(0.02%),P:1e-28	Tpos:109.9,Tstd:49.6,Bpos:100.9,Bstd:48.5,StrandBias:0.5,Multiplicity:1.00
0.904	0.001	0.094	0.001
0.001	0.095	0.863	0.041
0.001	0.094	0.001	0.904
0.042	0.042	0.042	0.874
0.041	0.957	0.001	0.001
0.001	0.997	0.001	0.001
0.001	0.001	0.001	0.997
0.041	0.934	0.024	0.001
0.957	0.001	0.001	0.041
0.957	0.001	0.001	0.041
0.904	0.001	0.001	0.094
0.957	0.001	0.001	0.041
>VHTAATCCTCNN	11-VHTAATCCTCNN	7.733153	-63.961336	0	T:15.0(0.36%),B:0.7(0.00%),P:1e-27	Tpos:100.5,Tstd:58.3,Bpos:65.0,Bstd:0.0,StrandBias:0.2,Multiplicity:1.00
0.352	0.222	0.243	0.183
0.230	0.344	0.191	0.235
0.074	0.135	0.139	0.652
0.640	0.113	0.117	0.130
0.626	0.135	0.135	0.104
0.130	0.170	0.135	0.565
0.117	0.627	0.139	0.117
0.096	0.552	0.265	0.087
0.143	0.126	0.248	0.483
0.109	0.612	0.183	0.096
0.287	0.305	0.200	0.209
0.226	0.230	0.300	0.244
>ACCCTTATCAGT	12-ACCCTTATCAGT	12.826199	-62.670879	0	T:17.0(0.41%),B:2.4(0.01%),P:1e-27	Tpos:92.7,Tstd:54.1,Bpos:19.6,Bstd:9.6,StrandBias:-0.5,Multiplicity:1.41
0.997	0.001	0.001	0.001
0.029	0.941	0.029	0.001
0.001	0.997	0.001	0.001
0.001	0.970	0.001	0.028
0.001	0.001	0.001	0.997
0.001	0.001	0.001	0.997
0.997	0.001	0.001	0.001
0.028	0.001	0.001	0.970
0.029	0.913	0.029	0.029
0.970	0.001	0.028	0.001
0.001	0.001	0.997	0.001
0.001	0.001	0.001	0.997
>GGGGTTTACACC	13-GGGGTTTACACC	10.530684	-58.852751	0	T:14.0(0.34%),B:1.4(0.00%),P:1e-25	Tpos:110.9,Tstd:58.4,Bpos:100.5,Bstd:1.3,StrandBias:-0.8,Multiplicity:1.00
0.024	0.049	0.926	0.001
0.001	0.001	0.997	0.001
0.001	0.001	0.997	0.001
0.001	0.048	0.710	0.241
0.001	0.001	0.001	0.997
0.001	0.001	0.001	0.997
0.001	0.001	0.001	0.997
0.997	0.001	0.001	0.001
0.001	0.997	0.001	0.001
0.997	0.001	0.001	0.001
0.001	0.997	0.001	0.001
0.001	0.975	0.023	0.001
>ACAGACCCTTTA	14-ACAGACCCTTTA	16.552241	-53.813348	0	T:13.0(0.32%),B:1.8(0.00%),P:1e-23	Tpos:105.7,Tstd:62.2,Bpos:101.7,Bstd:15.4,StrandBias:0.2,Multiplicity:1.00
0.997	0.001	0.001	0.001
0.001	0.997	0.001	0.001
0.997	0.001	0.001	0.001
0.001	0.001	0.997	0.001
0.997	0.001	0.001	0.001
0.001	0.997	0.001	0.001
0.001	0.997	0.001	0.001
0.047	0.951	0.001	0.001
0.001	0.001	0.001	0.997
0.001	0.001	0.001	0.997
0.001	0.001	0.001	0.997
0.997	0.001	0.001	0.001
>TGTGATCTTTGT	15-TGTGATCTTTGT	10.011321	-53.649100	0	T:15.0(0.36%),B:2.4(0.01%),P:1e-23	Tpos:101.0,Tstd:58.5,Bpos:119.0,Bstd:0.0,StrandBias:0.3,Multiplicity:1.47
0.001	0.001	0.001	0.997
0.001	0.414	0.584	0.001
0.001	0.001	0.001	0.997
0.001	0.001	0.997	0.001
0.997	0.001	0.001	0.001
0.001	0.004	0.001	0.994
0.001	0.997	0.001	0.001
0.001	0.001	0.001	0.997
0.414	0.001	0.001	0.584
0.001	0.001	0.001	0.997
0.001	0.001	0.997	0.001
0.001	0.001	0.001	0.997
>CAACCGCATAGA	16-CAACCGCATAGA	9.360988	-53.649100	0	T:15.0(0.36%),B:2.1(0.00%),P:1e-23	Tpos:100.6,Tstd:48.1,Bpos:17.2,Bstd:11.4,StrandBias:-0.7,Multiplicity:1.07
0.001	0.997	0.001	0.001
0.997	0.001	0.001	0.001
0.997	0.001	0.001	0.001
0.001	0.997	0.001	0.001
0.001	0.725	0.001	0.273
0.001	0.001	0.997	0.001
0.001	0.997	0.001	0.001
0.997	0.001	0.001	0.001
0.273	0.001	0.001	0.725
0.982	0.016	0.001	0.001
0.001	0.001	0.997	0.001
0.997	0.001	0.001	0.001
>ATCAAGACAATA	17-ATCAAGACAATA	13.736423	-48.848229	0	T:12.0(0.29%),B:1.8(0.00%),P:1e-21	Tpos:103.8,Tstd:53.3,Bpos:116.3,Bstd:38.8,StrandBias:-0.5,Multiplicity:1.00
0.933	0.065	0.001	0.001
0.001	0.001	0.001	0.997
0.001	0.997	0.001	0.001
0.997	0.001	0.001	0.001
0.997	0.001	0.001	0.001
0.001	0.001	0.997	0.001
0.933	0.001	0.065	0.001
0.001	0.933	0.001	0.065
0.997	0.001	0.001	0.001
0.997	0.001	0.001	0.001
0.001	0.001	0.001	0.997
0.997	0.001	0.001	0.001
>ASACATTCCATA	18-ASACATTCCATA	11.212096	-48.848229	0	T:12.0(0.29%),B:1.9(0.00%),P:1e-21	Tpos:127.1,Tstd:46.2,Bpos:128.9,Bstd:30.4,StrandBias:1.3,Multiplicity:1.42
0.898	0.040	0.021	0.041
0.081	0.347	0.491	0.081
0.692	0.041	0.206	0.061
0.061	0.612	0.246	0.081
0.857	0.101	0.001	0.041
0.001	0.122	0.102	0.775
0.142	0.041	0.122	0.695
0.103	0.651	0.101	0.145
0.231	0.668	0.020	0.081
0.737	0.081	0.040	0.142
0.001	0.019	0.001	0.979
0.548	0.102	0.124	0.226
>CCACATGACATC	19-CCACATGACATC	9.072929	-35.193995	0	T:93.0(2.26%),B:390.9(0.86%),P:1e-15	Tpos:109.1,Tstd:53.4,Bpos:102.7,Bstd:66.4,StrandBias:-0.2,Multiplicity:1.07
0.068	0.807	0.040	0.085
0.068	0.875	0.023	0.034
0.825	0.087	0.020	0.068
0.042	0.842	0.105	0.011
0.859	0.051	0.034	0.056
0.057	0.034	0.038	0.871
0.045	0.059	0.843	0.053
0.819	0.045	0.057	0.079
0.068	0.839	0.059	0.034
0.794	0.094	0.011	0.101
0.079	0.072	0.066	0.783
0.034	0.846	0.097	0.023
>TATGTTCAGCGG	20-TATGTTCAGCGG	10.300194	-30.941074	0	T:13.0(0.32%),B:6.7(0.01%),P:1e-13	Tpos:107.1,Tstd:60.9,Bpos:99.4,Bstd:47.7,StrandBias:0.7,Multiplicity:1.00
0.072	0.070	0.118	0.740
0.670	0.111	0.122	0.097
0.082	0.051	0.082	0.785
0.036	0.111	0.762	0.091
0.077	0.118	0.087	0.718
0.077	0.087	0.092	0.744
0.072	0.811	0.056	0.061
0.863	0.015	0.021	0.101
0.077	0.061	0.806	0.056
0.162	0.625	0.102	0.111
0.154	0.031	0.683	0.132
0.051	0.077	0.795	0.077
>AGGGCGGGGCCG	21-AGGGCGGGGCCG	9.265994	-30.845129	0	T:156.0(3.79%),B:888.8(1.97%),P:1e-13	Tpos:105.0,Tstd:59.2,Bpos:95.1,Bstd:55.8,StrandBias:-0.6,Multiplicity:1.09
0.818	0.069	0.029	0.084
0.045	0.068	0.886	0.001
0.001	0.001	0.997	0.001
0.083	0.042	0.874	0.001
0.110	0.764	0.045	0.081
0.088	0.015	0.802	0.095
0.034	0.001	0.884	0.081
0.094	0.049	0.797	0.060
0.045	0.016	0.938	0.001
0.048	0.780	0.073	0.099
0.111	0.717	0.076	0.096
0.106	0.081	0.740	0.073
>ATATCWCAGTGG	22-ATATCWCAGTGG	11.603138	-29.089822	0	T:18.0(0.44%),B:19.0(0.04%),P:1e-12	Tpos:102.7,Tstd:52.6,Bpos:111.8,Bstd:66.0,StrandBias:0.5,Multiplicity:1.59
0.758	0.001	0.122	0.119
0.001	0.001	0.001	0.997
0.880	0.118	0.001	0.001
0.001	0.001	0.118	0.880
0.001	0.997	0.001	0.001
0.517	0.001	0.001	0.481
0.001	0.761	0.001	0.237
0.997	0.001	0.001	0.001
0.001	0.001	0.997	0.001
0.001	0.001	0.001	0.997
0.001	0.240	0.758	0.001
0.119	0.119	0.761	0.001
>ATCATGATAACA	23-ATCATGATAACA	9.328668	-26.475883	0	T:72.0(1.75%),B:310.9(0.69%),P:1e-11	Tpos:100.8,Tstd:54.7,Bpos:98.9,Bstd:58.6,StrandBias:0.5,Multiplicity:1.04
0.834	0.062	0.043	0.061
0.088	0.070	0.096	0.746
0.050	0.813	0.084	0.053
0.882	0.043	0.021	0.054
0.075	0.026	0.032	0.867
0.032	0.072	0.861	0.035
0.862	0.053	0.053	0.032
0.083	0.064	0.094	0.759
0.792	0.032	0.083	0.093
0.940	0.011	0.017	0.032
0.077	0.764	0.107	0.052
0.885	0.051	0.021	0.043
>AGAGGAGCCTCA	24-AGAGGAGCCTCA	12.804445	-19.821493	0	T:14.0(0.34%),B:18.4(0.04%),P:1e-8	Tpos:90.8,Tstd:52.9,Bpos:115.7,Bstd:61.5,StrandBias:-1.7,Multiplicity:1.50
0.769	0.001	0.229	0.001
0.261	0.001	0.737	0.001
0.767	0.001	0.231	0.001
0.115	0.001	0.769	0.115
0.001	0.001	0.997	0.001
0.997	0.001	0.001	0.001
0.001	0.001	0.997	0.001
0.001	0.997	0.001	0.001
0.001	0.637	0.001	0.361
0.001	0.116	0.001	0.882
0.114	0.884	0.001	0.001
0.884	0.001	0.114	0.001
>CCTACAGCCAGC	25-CCTACAGCCAGC	13.736423	-16.960163	0	T:6.0(0.15%),B:2.9(0.01%),P:1e-7	Tpos:80.2,Tstd:61.4,Bpos:134.2,Bstd:45.7,StrandBias:1.6,Multiplicity:2.00
0.065	0.933	0.001	0.001
0.001	0.997	0.001	0.001
0.001	0.001	0.001	0.997
0.997	0.001	0.001	0.001
0.065	0.933	0.001	0.001
0.997	0.001	0.001	0.001
0.001	0.001	0.997	0.001
0.001	0.997	0.001	0.001
0.001	0.997	0.001	0.001
0.997	0.001	0.001	0.001
0.065	0.001	0.933	0.001
0.001	0.997	0.001	0.001
>GAGGAAGT	1-GAGGAAGT	7.285020	-576.963267	0	T:978.0(23.77%),B:3160.7(6.99%),P:1e-250	Tpos:100.8,Tstd:49.0,Bpos:98.8,Bstd:63.1,StrandBias:-0.1,Multiplicity:1.15
0.137	0.116	0.746	0.001
0.818	0.001	0.180	0.001
0.001	0.001	0.997	0.001
0.001	0.001	0.997	0.001
0.997	0.001	0.001	0.001
0.997	0.001	0.001	0.001
0.001	0.082	0.916	0.001
0.001	0.001	0.001	0.997
>YAACCACA	2-YAACCACA	7.605540	-529.604129	0	T:832.0(20.22%),B:2493.6(5.52%),P:1e-230	Tpos:103.0,Tstd:49.3,Bpos:98.9,Bstd:63.5,StrandBias:0.1,Multiplicity:1.18
0.242	0.356	0.001	0.401
0.625	0.001	0.239	0.135
0.808	0.087	0.104	0.001
0.001	0.997	0.001	0.001
0.001	0.997	0.001	0.001
0.839	0.001	0.159	0.001
0.001	0.997	0.001	0.001
0.843	0.001	0.023	0.133
>TGTGGCTT	3-TGTGGCTT	4.773768	-375.564793	0	T:1335.0(32.44%),B:6943.9(15.36%),P:1e-163	Tpos:98.2,Tstd:56.3,Bpos:101.9,Bstd:65.6,StrandBias:-0.2,Multiplicity:1.10
0.001	0.341	0.001	0.657
0.001	0.001	0.997	0.001
0.001	0.001	0.001	0.997
0.001	0.003	0.995	0.001
0.001	0.001	0.997	0.001
0.001	0.752	0.048	0.199
0.001	0.242	0.001	0.756
0.240	0.001	0.001	0.758
>AASCGGAA	4-AASCGGAA	6.539135	-358.903972	0	T:911.0(22.14%),B:3842.2(8.50%),P:1e-155	Tpos:98.4,Tstd:49.1,Bpos:101.0,Bstd:60.0,StrandBias:-0.0,Multiplicity:1.13
0.748	0.058	0.036	0.158
0.770	0.017	0.070	0.143
0.136	0.368	0.455	0.041
0.339	0.539	0.070	0.052
0.025	0.038	0.936	0.001
0.012	0.153	0.781	0.054
0.825	0.057	0.021	0.097
0.954	0.020	0.013	0.013
>CAGATAAG	5-CAGATAAG	5.587885	-357.832355	0	T:1366.0(33.20%),B:7350.7(16.26%),P:1e-155	Tpos:100.5,Tstd:51.7,Bpos:99.3,Bstd:63.1,StrandBias:-0.0,Multiplicity:1.31
0.196	0.420	0.212	0.172
0.631	0.083	0.021	0.265
0.041	0.028	0.923	0.008
0.933	0.008	0.032	0.027
0.041	0.026	0.037	0.896
0.875	0.048	0.025	0.052
0.833	0.013	0.128	0.026
0.255	0.178	0.491	0.075
>TTGTGGTT	6-TTGTGGTT	6.964072	-330.983657	0	T:925.0(22.48%),B:4124.8(9.12%),P:1e-143	Tpos:102.9,Tstd:51.5,Bpos:100.7,Bstd:63.8,StrandBias:-0.1,Multiplicity:1.08
0.175	0.001	0.001	0.823
0.291	0.001	0.114	0.594
0.001	0.064	0.934	0.001
0.129	0.001	0.001	0.869
0.001	0.001	0.997	0.001
0.001	0.001	0.997	0.001
0.001	0.281	0.082	0.636
0.080	0.232	0.003	0.685
>AGGAAVTG	7-AGGAAVTG	7.423986	-295.220282	0	T:996.0(24.20%),B:4918.3(10.88%),P:1e-128	Tpos:100.6,Tstd:53.6,Bpos:99.5,Bstd:64.0,StrandBias:0.1,Multiplicity:1.07
0.801	0.197	0.001	0.001
0.001	0.001	0.997	0.001
0.001	0.001	0.997	0.001
0.739	0.259	0.001	0.001
0.711	0.001	0.001	0.287
0.338	0.282	0.379	0.001
0.001	0.148	0.001	0.850
0.369	0.023	0.607	0.001
>CCCTGYGG	8-CCCTGYGG	5.487930	-186.335468	0	T:1560.0(37.91%),B:11057.2(24.45%),P:1e-80	Tpos:99.9,Tstd:55.4,Bpos:100.5,Bstd:62.3,StrandBias:0.0,Multiplicity:1.28
0.053	0.447	0.267	0.234
0.069	0.458	0.223	0.251
0.001	0.643	0.026	0.330
0.132	0.179	0.036	0.653
0.076	0.050	0.869	0.005
0.037	0.517	0.001	0.445
0.110	0.092	0.753	0.045
0.040	0.077	0.842	0.041
>RTAACCRM	9-RTAACCRM	5.781539	-156.813907	0	T:676.0(16.43%),B:3644.0(8.06%),P:1e-68	Tpos:99.5,Tstd:57.9,Bpos:98.0,Bstd:62.7,StrandBias:0.1,Multiplicity:1.04
0.374	0.020	0.455	0.151
0.175	0.071	0.001	0.753
0.600	0.026	0.254	0.120
0.753	0.032	0.181	0.034
0.138	0.839	0.001	0.022
0.001	0.997	0.001	0.001
0.436	0.094	0.447	0.023
0.314	0.385	0.104	0.197
>ATGACTCA	10-ATGACTCA	6.869640	-148.576668	0	T:485.0(11.79%),B:2275.0(5.03%),P:1e-64	Tpos:104.1,Tstd:50.9,Bpos:100.5,Bstd:65.3,StrandBias:-0.0,Multiplicity:1.08
0.737	0.110	0.152	0.001
0.001	0.001	0.001	0.997
0.001	0.001	0.997	0.001
0.986	0.001	0.001	0.012
0.024	0.631	0.284	0.061
0.036	0.001	0.022	0.941
0.060	0.920	0.019	0.001
0.973	0.001	0.009	0.017
>VAGGAAAC	11-VAGGAAAC	8.205378	-135.513231	0	T:743.0(18.06%),B:4411.4(9.76%),P:1e-58	Tpos:101.2,Tstd:53.2,Bpos:98.5,Bstd:62.5,StrandBias:-0.0,Multiplicity:1.10
0.354	0.349	0.296	0.001
0.997	0.001	0.001	0.001
0.001	0.001	0.997	0.001
0.001	0.001	0.997	0.001
0.760	0.001	0.238	0.001
0.997	0.001	0.001	0.001
0.673	0.001	0.325	0.001
0.001	0.997	0.001	0.001
>TACGTCAT	12-TACGTCAT	5.798962	-89.890890	0	T:615.0(14.95%),B:3908.4(8.64%),P:1e-39	Tpos:98.4,Tstd:53.5,Bpos:100.2,Bstd:63.1,StrandBias:0.1,Multiplicity:1.13
0.058	0.126	0.152	0.664
0.698	0.111	0.024	0.167
0.083	0.597	0.067	0.253
0.065	0.161	0.706	0.068
0.091	0.050	0.037	0.822
0.106	0.875	0.001	0.018
0.865	0.058	0.031	0.046
0.029	0.119	0.073	0.779
>CACTAGCG	13-CACTAGCG	5.560157	-81.811306	0	T:913.0(22.19%),B:6705.3(14.83%),P:1e-35	Tpos:99.3,Tstd:55.3,Bpos:100.0,Bstd:64.1,StrandBias:0.1,Multiplicity:1.10
0.001	0.854	0.065	0.080
0.501	0.247	0.251	0.001
0.001	0.909	0.089	0.001
0.033	0.145	0.003	0.819
0.809	0.022	0.102	0.067
0.012	0.083	0.768	0.137
0.265	0.480	0.254	0.001
0.001	0.160	0.588	0.251
>TKACGCAA	14-TKACGCAA	6.234377	-70.480937	0	T:668.0(16.23%),B:4669.2(10.33%),P:1e-30	Tpos:100.8,Tstd:52.7,Bpos:98.4,Bstd:60.9,StrandBias:0.1,Multiplicity:1.14
0.001	0.015	0.001	0.983
0.066	0.001	0.450	0.483
0.566	0.001	0.124	0.309
0.056	0.477	0.179	0.289
0.076	0.117	0.739	0.068
0.001	0.974	0.001	0.024
0.947	0.048	0.001	0.004
0.866	0.001	0.132	0.001
>TCTGCTGT	15-TCTGCTGT	6.717412	-62.511015	0	T:685.0(16.65%),B:4966.5(10.98%),P:1e-27	Tpos:102.1,Tstd:54.1,Bpos:100.4,Bstd:66.4,StrandBias:0.1,Multiplicity:1.12
0.001	0.055	0.054	0.890
0.001	0.895	0.056	0.048
0.069	0.001	0.057	0.873
0.064	0.001	0.934	0.001
0.079	0.873	0.047	0.001
0.001	0.026	0.340	0.633
0.218	0.055	0.444	0.282
0.145	0.063	0.153	0.639
>CGCCMTCT	16-CGCCMTCT	8.156501	-60.491528	0	T:222.0(5.39%),B:1094.1(2.42%),P:1e-26	Tpos:102.7,Tstd:48.9,Bpos:98.6,Bstd:54.5,StrandBias:-0.0,Multiplicity:1.07
0.001	0.758	0.240	0.001
0.001	0.001	0.997	0.001
0.001	0.801	0.001	0.197
0.001	0.758	0.240	0.001
0.525	0.473	0.001	0.001
0.001	0.362	0.038	0.599
0.171	0.790	0.001	0.038
0.001	0.001	0.141	0.857
>DTAGTCAC	17-DTAGTCAC	5.636658	-59.679676	0	T:1035.0(25.15%),B:8343.4(18.45%),P:1e-25	Tpos:101.4,Tstd:56.4,Bpos:100.6,Bstd:63.7,StrandBias:-0.2,Multiplicity:1.13
0.266	0.085	0.300	0.349
0.001	0.130	0.127	0.742
0.743	0.072	0.001	0.184
0.268	0.001	0.730	0.001
0.001	0.001	0.001	0.997
0.001	0.877	0.113	0.009
0.980	0.001	0.018	0.001
0.149	0.566	0.174	0.111
>AACMGCWG	18-AACMGCWG	7.140650	-58.419466	0	T:414.0(10.06%),B:2642.8(5.85%),P:1e-25	Tpos:98.4,Tstd:55.9,Bpos:101.8,Bstd:66.3,StrandBias:0.1,Multiplicity:1.04
0.997	0.001	0.001	0.001
0.890	0.108	0.001	0.001
0.001	0.997	0.001	0.001
0.359	0.494	0.146	0.001
0.001	0.001	0.997	0.001
0.220	0.546	0.001	0.233
0.448	0.062	0.178	0.312
0.218	0.001	0.644	0.137
>TTATGAMA	19-TTATGAMA	5.133053	-52.694396	0	T:1122.0(27.27%),B:9382.0(20.75%),P:1e-22	Tpos:99.6,Tstd:55.1,Bpos:99.8,Bstd:62.2,StrandBias:0.1,Multiplicity:1.16
0.001	0.018	0.001	0.980
0.001	0.001	0.154	0.844
0.600	0.358	0.015	0.027
0.001	0.075	0.051	0.873
0.001	0.051	0.947	0.001
0.837	0.001	0.001	0.161
0.496	0.482	0.003	0.019
0.997	0.001	0.001	0.001
>CGGCCCTG	20-CGGCCCTG	6.211033	-44.870718	0	T:1383.0(33.61%),B:12264.3(27.12%),P:1e-19	Tpos:99.1,Tstd:57.3,Bpos:99.7,Bstd:62.6,StrandBias:0.1,Multiplicity:1.42
0.001	0.629	0.134	0.236
0.185	0.094	0.544	0.177
0.001	0.201	0.797	0.001
0.001	0.997	0.001	0.001
0.001	0.654	0.344	0.001
0.001	0.936	0.001	0.062
0.222	0.100	0.001	0.677
0.001	0.393	0.605	0.001
>TGCTATCT	21-TGCTATCT	8.878851	-26.553677	0	T:132.0(3.21%),B:749.8(1.66%),P:1e-11	Tpos:97.9,Tstd:57.6,Bpos:101.4,Bstd:66.2,StrandBias:0.7,Multiplicity:1.01
0.164	0.001	0.001	0.834
0.162	0.001	0.836	0.001
0.001	0.997	0.001	0.001
0.001	0.001	0.001	0.997
0.997	0.001	0.001	0.001
0.001	0.001	0.001	0.997
0.001	0.997	0.001	0.001
0.175	0.001	0.001	0.823
>TACTTAWC	22-TACTTAWC	7.013179	-22.967036	0	T:242.0(5.88%),B:1731.5(3.83%),P:1e-9	Tpos:95.0,Tstd:55.7,Bpos:102.5,Bstd:61.4,StrandBias:0.3,Multiplicity:1.06
0.001	0.001	0.001	0.997
0.969	0.024	0.006	0.001
0.001	0.997	0.001	0.001
0.001	0.001	0.001	0.997
0.218	0.001	0.001	0.780
0.892	0.106	0.001	0.001
0.456	0.001	0.001	0.542
0.001	0.604	0.394	0.001
>CCTTTACG	23-CCTTTACG	8.236954	-20.919098	0	T:18.0(0.44%),B:30.8(0.07%),P:1e-9	Tpos:115.5,Tstd:60.8,Bpos:94.3,Bstd:54.1,StrandBias:0.2,Multiplicity:1.00
0.100	0.700	0.100	0.100
0.100	0.700	0.100	0.100
0.100	0.100	0.100	0.700
0.100	0.100	0.100	0.700
0.100	0.100	0.100	0.700
0.700	0.100	0.100	0.100
0.100	0.700	0.100	0.100
0.100	0.100	0.700	0.100
>TCTACCRC	24-TCTACCRC	6.470547	-16.951161	0	T:86.0(2.09%),B:499.8(1.11%),P:1e-7	Tpos:97.4,Tstd:59.3,Bpos:97.1,Bstd:61.1,StrandBias:0.0,Multiplicity:1.17
0.001	0.001	0.001	0.997
0.030	0.968	0.001	0.001
0.001	0.001	0.252	0.746
0.997	0.001	0.001	0.001
0.001	0.997	0.001	0.001
0.001	0.997	0.001	0.001
0.447	0.001	0.551	0.001
0.001	0.997	0.001	0.001
>ATATCTCA	25-ATATCTCA	7.252621	-14.524280	0	T:134.0(3.26%),B:937.4(2.07%),P:1e-6	Tpos:96.7,Tstd:58.5,Bpos:99.7,Bstd:61.5,StrandBias:0.3,Multiplicity:1.18
0.997	0.001	0.001	0.001
0.001	0.001	0.001	0.997
0.997	0.001	0.001	0.001
0.001	0.001	0.001	0.997
0.001	0.997	0.001	0.001
0.298	0.001	0.028	0.673
0.001	0.838	0.160	0.001
0.932	0.001	0.066	0.001
