>GAGATCAGATAA	9-GAGATCAGATAA	6.526889	-76.656528	0	T:706.0(17.16%),B:4905.1(10.85%),P:1e-33
0.125	0.143	0.669	0.063
0.859	0.001	0.028	0.112
0.100	0.063	0.770	0.067
0.814	0.031	0.091	0.064
0.089	0.048	0.149	0.714
0.204	0.527	0.083	0.186
0.817	0.006	0.034	0.143
0.041	0.101	0.852	0.006
0.845	0.029	0.042	0.084
0.149	0.063	0.139	0.649
0.684	0.078	0.112	0.126
0.805	0.011	0.076	0.108
