>ARTGACTCAGCA	5-ARTGACTCAGCA	8.397896	-149.631851	0	T:278.0(6.76%),B:910.2(2.01%),P:1e-64
0.563	0.146	0.157	0.134
0.501	0.069	0.411	0.019
0.109	0.001	0.026	0.864
0.001	0.021	0.944	0.034
0.930	0.012	0.001	0.057
0.050	0.688	0.237	0.025
0.151	0.023	0.001	0.825
0.019	0.896	0.048	0.037
0.849	0.006	0.006	0.139
0.048	0.058	0.626	0.268
0.069	0.794	0.125	0.012
0.672	0.089	0.031	0.208
