>GATGTCATGTGG	19-CCACATGACATC	9.072929	-35.193995	0	T:93.0(2.26%),B:390.9(0.86%),P:1e-15
0.023	0.097	0.846	0.034
0.783	0.066	0.072	0.079
0.101	0.011	0.094	0.794
0.034	0.059	0.839	0.068
0.079	0.057	0.045	0.819
0.053	0.843	0.059	0.045
0.871	0.038	0.034	0.057
0.056	0.034	0.051	0.859
0.011	0.105	0.842	0.042
0.068	0.020	0.087	0.825
0.034	0.023	0.875	0.068
0.085	0.040	0.807	0.068
