>TTGTGGCTTCCT	7-TTGTGGCTTCCT	9.391249	-92.843913	0	T:162.0(3.94%),B:505.5(1.12%),P:1e-40
0.115	0.077	0.077	0.731
0.040	0.067	0.075	0.818
0.001	0.102	0.799	0.098
0.063	0.080	0.029	0.828
0.032	0.013	0.921	0.034
0.059	0.066	0.833	0.042
0.032	0.862	0.053	0.053
0.023	0.076	0.001	0.900
0.013	0.081	0.046	0.860
0.106	0.824	0.001	0.069
0.085	0.811	0.001	0.103
0.064	0.064	0.057	0.815
