>CCGCTGAACATA	20-TATGTTCAGCGG	10.300194	-30.941074	0	T:13.0(0.32%),B:6.7(0.01%),P:1e-13
0.077	0.795	0.077	0.051
0.132	0.683	0.031	0.154
0.111	0.102	0.625	0.162
0.056	0.806	0.061	0.077
0.101	0.021	0.015	0.863
0.061	0.056	0.811	0.072
0.744	0.092	0.087	0.077
0.718	0.087	0.118	0.077
0.091	0.762	0.111	0.036
0.785	0.082	0.051	0.082
0.097	0.122	0.111	0.670
0.740	0.118	0.070	0.072
