>NNGAGGATTADB	11-VHTAATCCTCNN	7.733153	-63.961336	0	T:15.0(0.36%),B:0.7(0.00%),P:1e-27
0.244	0.300	0.230	0.226
0.209	0.200	0.305	0.287
0.096	0.183	0.612	0.109
0.483	0.248	0.126	0.143
0.087	0.265	0.552	0.096
0.117	0.139	0.627	0.117
0.565	0.135	0.170	0.130
0.104	0.135	0.135	0.626
0.130	0.117	0.113	0.640
0.652	0.139	0.135	0.074
0.235	0.191	0.344	0.230
0.183	0.243	0.222	0.352
