>CCCTCTGGCGGC	8-CCCTCTGGCGGC	8.091768	-83.744178	0	T:230.0(5.59%),B:973.8(2.15%),P:1e-36
0.001	0.835	0.091	0.073
0.066	0.860	0.017	0.057
0.061	0.937	0.001	0.001
0.035	0.112	0.110	0.743
0.001	0.943	0.055	0.001
0.041	0.073	0.061	0.825
0.091	0.001	0.854	0.054
0.053	0.055	0.827	0.065
0.065	0.789	0.084	0.062
0.077	0.121	0.730	0.072
0.065	0.100	0.764	0.071
0.001	0.888	0.046	0.065
