>ATCATGATAACA	23-ATCATGATAACA	9.328668	-26.475883	0	T:72.0(1.75%),B:310.9(0.69%),P:1e-11
0.834	0.062	0.043	0.061
0.088	0.070	0.096	0.746
0.050	0.813	0.084	0.053
0.882	0.043	0.021	0.054
0.075	0.026	0.032	0.867
0.032	0.072	0.861	0.035
0.862	0.053	0.053	0.032
0.083	0.064	0.094	0.759
0.792	0.032	0.083	0.093
0.940	0.011	0.017	0.032
0.077	0.764	0.107	0.052
0.885	0.051	0.021	0.043
