>ASACATTCCATA	18-ASACATTCCATA,BestGuess:TEAD4/MA0809.2/Jaspar(0.742)	11.212096	-48.848229	0	T:12.0(0.29%),B:1.9(0.00%),P:1e-21
0.898	0.040	0.021	0.041
0.081	0.347	0.491	0.081
0.692	0.041	0.206	0.061
0.061	0.612	0.246	0.081
0.857	0.101	0.001	0.041
0.001	0.122	0.102	0.775
0.142	0.041	0.122	0.695
0.103	0.651	0.101	0.145
0.231	0.668	0.020	0.081
0.737	0.081	0.040	0.142
0.001	0.019	0.001	0.979
0.548	0.102	0.124	0.226
