>VHTAATCCTCNN	11-VHTAATCCTCNN,BestGuess:GSC2/MA0891.1/Jaspar(0.881)	7.733153	-63.961336	0	T:15.0(0.36%),B:0.7(0.00%),P:1e-27
0.352	0.222	0.243	0.183
0.230	0.344	0.191	0.235
0.074	0.135	0.139	0.652
0.640	0.113	0.117	0.130
0.626	0.135	0.135	0.104
0.130	0.170	0.135	0.565
0.117	0.627	0.139	0.117
0.096	0.552	0.265	0.087
0.143	0.126	0.248	0.483
0.109	0.612	0.183	0.096
0.287	0.305	0.200	0.209
0.226	0.230	0.300	0.244
