>DGTGASTCAY	1-DGTGASTCAY	8.209576	-190.614752	0	T:178.0(10.94%),B:810.4(1.71%),P:1e-82	Tpos:102.1,Tstd:47.0,Bpos:96.5,Bstd:66.6,StrandBias:0.0,Multiplicity:1.13
0.292	0.137	0.277	0.293
0.320	0.130	0.489	0.061
0.015	0.018	0.007	0.960
0.036	0.018	0.843	0.103
0.942	0.008	0.016	0.034
0.012	0.443	0.523	0.022
0.056	0.013	0.028	0.903
0.107	0.884	0.001	0.008
0.963	0.001	0.018	0.018
0.098	0.386	0.141	0.375
>CACCAGAGGG	2-CACCAGAGGG	9.409860	-172.671869	0	T:186.0(11.43%),B:1003.3(2.12%),P:1e-74	Tpos:97.4,Tstd:40.6,Bpos:99.7,Bstd:64.0,StrandBias:0.5,Multiplicity:1.02
0.001	0.997	0.001	0.001
0.997	0.001	0.001	0.001
0.001	0.847	0.151	0.001
0.142	0.582	0.068	0.208
0.997	0.001	0.001	0.001
0.001	0.001	0.997	0.001
0.669	0.001	0.329	0.001
0.001	0.001	0.588	0.410
0.001	0.001	0.997	0.001
0.001	0.001	0.997	0.001
>TCGAATGGAA	3-TCGAATGGAA	11.481970	-122.790992	0	T:22.0(1.35%),B:1.5(0.00%),P:1e-53	Tpos:100.2,Tstd:58.2,Bpos:131.7,Bstd:50.8,StrandBias:1.3,Multiplicity:1.42
0.013	0.032	0.051	0.904
0.122	0.509	0.336	0.033
0.092	0.047	0.785	0.076
0.925	0.039	0.016	0.020
0.919	0.016	0.036	0.029
0.067	0.055	0.047	0.831
0.270	0.001	0.617	0.112
0.014	0.115	0.819	0.052
0.902	0.020	0.045	0.033
0.795	0.029	0.028	0.148
>ATSGAATCGA	4-ATSGAATCGA	9.846326	-82.719943	0	T:30.0(1.84%),B:23.0(0.05%),P:1e-35	Tpos:101.0,Tstd:53.3,Bpos:91.1,Bstd:50.2,StrandBias:1.2,Multiplicity:9.77
0.788	0.024	0.081	0.107
0.057	0.029	0.069	0.845
0.063	0.447	0.450	0.040
0.031	0.029	0.858	0.082
0.806	0.081	0.040	0.073
0.529	0.273	0.083	0.115
0.040	0.098	0.053	0.809
0.073	0.474	0.317	0.136
0.070	0.082	0.753	0.095
0.851	0.045	0.056	0.048
>AATGGAATNG	5-AATGGAATNG	8.591631	-59.577076	0	T:33.0(2.03%),B:68.4(0.14%),P:1e-25	Tpos:105.6,Tstd:56.2,Bpos:109.3,Bstd:62.2,StrandBias:1.6,Multiplicity:1.71
0.850	0.038	0.043	0.069
0.800	0.071	0.049	0.080
0.059	0.095	0.001	0.845
0.180	0.117	0.615	0.088
0.057	0.141	0.693	0.109
0.843	0.025	0.014	0.118
0.692	0.214	0.016	0.078
0.087	0.051	0.073	0.789
0.211	0.341	0.230	0.217
0.196	0.081	0.677	0.046
>ACAGGAAGCG	6-ACAGGAAGCG	8.363783	-48.929493	0	T:95.0(5.84%),B:869.5(1.84%),P:1e-21	Tpos:104.8,Tstd:54.2,Bpos:97.8,Bstd:60.1,StrandBias:0.1,Multiplicity:1.16
0.960	0.001	0.010	0.029
0.018	0.980	0.001	0.001
0.959	0.001	0.001	0.039
0.029	0.001	0.969	0.001
0.070	0.001	0.928	0.001
0.807	0.001	0.001	0.191
0.976	0.001	0.022	0.001
0.120	0.019	0.860	0.001
0.121	0.808	0.001	0.070
0.068	0.118	0.762	0.052
>VBAATGGAAT	7-VBAATGGAAT	6.506669	-33.676450	0	T:73.0(4.49%),B:726.1(1.53%),P:1e-14	Tpos:94.0,Tstd:57.8,Bpos:95.5,Bstd:61.9,StrandBias:0.7,Multiplicity:1.74
0.236	0.365	0.291	0.109
0.018	0.251	0.349	0.382
0.880	0.078	0.010	0.032
0.507	0.037	0.313	0.143
0.019	0.027	0.199	0.755
0.286	0.024	0.504	0.186
0.019	0.266	0.472	0.242
0.807	0.027	0.138	0.028
0.442	0.183	0.174	0.201
0.211	0.011	0.096	0.682
>TGAGTGACGT	8-TGAGTGACGT	10.296193	-18.609320	0	T:6.0(0.37%),B:4.7(0.01%),P:1e-8	Tpos:117.3,Tstd:53.2,Bpos:95.7,Bstd:40.6,StrandBias:-3.7,Multiplicity:2.33
0.100	0.100	0.100	0.700
0.100	0.100	0.700	0.100
0.700	0.100	0.100	0.100
0.100	0.100	0.700	0.100
0.100	0.100	0.100	0.700
0.100	0.100	0.700	0.100
0.700	0.100	0.100	0.100
0.100	0.700	0.100	0.100
0.100	0.100	0.700	0.100
0.100	0.100	0.100	0.700
>CTCACCATAA	9-CTCACCATAA	10.296193	-18.236071	0	T:5.0(0.31%),B:2.2(0.00%),P:1e-7	Tpos:96.2,Tstd:47.0,Bpos:106.9,Bstd:56.1,StrandBias:10.0,Multiplicity:3.40
0.100	0.700	0.100	0.100
0.100	0.100	0.100	0.700
0.100	0.700	0.100	0.100
0.700	0.100	0.100	0.100
0.100	0.700	0.100	0.100
0.100	0.700	0.100	0.100
0.700	0.100	0.100	0.100
0.100	0.100	0.100	0.700
0.700	0.100	0.100	0.100
0.700	0.100	0.100	0.100
>TCGCGTGGGA	10-TCGCGTGGGA	13.734976	-13.944835	0	T:4.0(0.25%),B:2.4(0.01%),P:1e-6	Tpos:88.0,Tstd:53.6,Bpos:58.6,Bstd:39.3,StrandBias:10.0,Multiplicity:2.00
0.001	0.001	0.001	0.997
0.001	0.997	0.001	0.001
0.001	0.001	0.997	0.001
0.001	0.997	0.001	0.001
0.001	0.001	0.997	0.001
0.001	0.001	0.001	0.997
0.001	0.094	0.904	0.001
0.001	0.001	0.997	0.001
0.001	0.001	0.997	0.001
0.997	0.001	0.001	0.001
>AGCATCTGAC	11-AGCATCTGAC	10.655604	-12.261098	0	T:12.0(0.74%),B:66.2(0.14%),P:1e-5	Tpos:115.0,Tstd:53.7,Bpos:104.2,Bstd:69.1,StrandBias:2.6,Multiplicity:2.33
0.997	0.001	0.001	0.001
0.001	0.001	0.997	0.001
0.001	0.997	0.001	0.001
0.956	0.001	0.042	0.001
0.001	0.001	0.001	0.997
0.001	0.956	0.001	0.042
0.001	0.001	0.078	0.920
0.001	0.001	0.997	0.001
0.997	0.001	0.001	0.001
0.049	0.949	0.001	0.001
>GTAGTAKYAC	12-GTAGTAKYAC	9.574135	-12.251397	0	T:6.0(0.37%),B:12.9(0.03%),P:1e-5	Tpos:97.7,Tstd:54.8,Bpos:73.6,Bstd:58.6,StrandBias:10.0,Multiplicity:2.83
0.043	0.043	0.818	0.096
0.129	0.001	0.001	0.869
0.956	0.042	0.001	0.001
0.001	0.043	0.647	0.309
0.042	0.001	0.001	0.956
0.869	0.087	0.043	0.001
0.179	0.043	0.369	0.409
0.001	0.452	0.226	0.322
0.501	0.273	0.087	0.139
0.087	0.825	0.087	0.001
>TAGGGTCACG	13-TAGGGTCACG	11.699715	-12.114555	0	T:5.0(0.31%),B:7.9(0.02%),P:1e-5	Tpos:94.6,Tstd:50.4,Bpos:142.5,Bstd:35.4,StrandBias:2.2,Multiplicity:3.40
0.001	0.001	0.001	0.997
0.997	0.001	0.001	0.001
0.001	0.001	0.997	0.001
0.001	0.056	0.942	0.001
0.001	0.125	0.873	0.001
0.001	0.001	0.001	0.997
0.001	0.997	0.001	0.001
0.997	0.001	0.001	0.001
0.001	0.997	0.001	0.001
0.001	0.001	0.997	0.001
>TGACCTGTAG	14-TGACCTGTAG	11.370798	-10.307049	0	T:6.0(0.37%),B:17.8(0.04%),P:1e-4	Tpos:109.4,Tstd:48.7,Bpos:93.1,Bstd:69.7,StrandBias:2.5,Multiplicity:2.17
0.001	0.001	0.001	0.997
0.001	0.001	0.997	0.001
0.997	0.001	0.001	0.001
0.001	0.997	0.001	0.001
0.001	0.997	0.001	0.001
0.001	0.085	0.001	0.913
0.001	0.001	0.997	0.001
0.001	0.001	0.001	0.997
0.997	0.001	0.001	0.001
0.001	0.001	0.997	0.001
>AAGGTATAGG	15-AAGGTATAGG	10.296193	-9.876202	0	T:3.0(0.18%),B:3.0(0.01%),P:1e-4	Tpos:112.8,Tstd:58.3,Bpos:48.3,Bstd:5.5,StrandBias:-1.8,Multiplicity:3.00
0.700	0.100	0.100	0.100
0.700	0.100	0.100	0.100
0.100	0.100	0.700	0.100
0.100	0.100	0.700	0.100
0.100	0.100	0.100	0.700
0.700	0.100	0.100	0.100
0.100	0.100	0.100	0.700
0.700	0.100	0.100	0.100
0.100	0.100	0.700	0.100
0.100	0.100	0.700	0.100
>GACCGGGTGT	16-GACCGGGTGT	10.296193	-9.876202	0	T:3.0(0.18%),B:2.6(0.01%),P:1e-4	Tpos:99.3,Tstd:61.5,Bpos:101.6,Bstd:42.5,StrandBias:2.6,Multiplicity:2.33
0.100	0.100	0.700	0.100
0.700	0.100	0.100	0.100
0.100	0.700	0.100	0.100
0.100	0.700	0.100	0.100
0.100	0.100	0.700	0.100
0.100	0.100	0.700	0.100
0.100	0.100	0.700	0.100
0.100	0.100	0.100	0.700
0.100	0.100	0.700	0.100
0.100	0.100	0.100	0.700
>CAGTACTCAT	17-CAGTACTCAT	11.367097	-8.486752	0	T:8.0(0.49%),B:45.2(0.10%),P:1e-3	Tpos:89.6,Tstd:56.8,Bpos:99.7,Bstd:63.4,StrandBias:1.9,Multiplicity:2.38
0.001	0.997	0.001	0.001
0.670	0.326	0.003	0.001
0.002	0.323	0.674	0.001
0.001	0.001	0.001	0.997
0.703	0.295	0.001	0.001
0.001	0.997	0.001	0.001
0.001	0.001	0.001	0.997
0.001	0.997	0.001	0.001
0.997	0.001	0.001	0.001
0.001	0.001	0.368	0.630
>ATATATATAT	18-ATATATATAT	11.379270	-8.440886	0	T:6.0(0.37%),B:24.1(0.05%),P:1e-3	Tpos:96.8,Tstd:59.0,Bpos:79.6,Bstd:73.0,StrandBias:0.4,Multiplicity:2.67
0.997	0.001	0.001	0.001
0.001	0.080	0.001	0.918
0.997	0.001	0.001	0.001
0.001	0.102	0.001	0.896
0.997	0.001	0.001	0.001
0.001	0.092	0.001	0.906
0.997	0.001	0.001	0.001
0.001	0.114	0.001	0.884
0.997	0.001	0.001	0.001
0.001	0.001	0.001	0.997
>AGCACCCACA	19-AGCACCCACA	10.296193	-6.596997	0	T:10.0(0.61%),B:90.5(0.19%),P:1e-2	Tpos:97.8,Tstd:57.6,Bpos:99.1,Bstd:69.6,StrandBias:10.0,Multiplicity:2.50
0.700	0.100	0.100	0.100
0.100	0.100	0.700	0.100
0.100	0.700	0.100	0.100
0.700	0.100	0.100	0.100
0.100	0.700	0.100	0.100
0.100	0.700	0.100	0.100
0.100	0.700	0.100	0.100
0.700	0.100	0.100	0.100
0.100	0.700	0.100	0.100
0.700	0.100	0.100	0.100
>TBACGASYTA	20-TBACGASYTA	7.516558	-6.487401	0	T:4.0(0.25%),B:14.1(0.03%),P:1e-2	Tpos:100.3,Tstd:57.6,Bpos:82.1,Bstd:52.3,StrandBias:10.0,Multiplicity:4.00
0.193	0.155	0.229	0.423
0.078	0.273	0.296	0.353
0.997	0.001	0.001	0.001
0.088	0.771	0.140	0.001
0.001	0.039	0.575	0.385
0.684	0.066	0.168	0.082
0.057	0.406	0.323	0.214
0.090	0.359	0.154	0.398
0.090	0.052	0.143	0.715
0.502	0.091	0.153	0.254
>ACACCCAYAH	21-ACACCCAYAH	8.829876	-6.250586	0	T:19.0(1.17%),B:257.8(0.54%),P:1e-2	Tpos:102.3,Tstd:59.4,Bpos:107.0,Bstd:67.9,StrandBias:0.9,Multiplicity:1.63
0.785	0.001	0.213	0.001
0.009	0.989	0.001	0.001
0.652	0.130	0.001	0.217
0.211	0.508	0.001	0.280
0.001	0.942	0.001	0.056
0.311	0.490	0.001	0.198
0.528	0.001	0.229	0.242
0.001	0.479	0.017	0.503
0.972	0.001	0.026	0.001
0.263	0.384	0.001	0.352
>TGAACCTTAC	22-TGAACCTTAC	11.673079	-5.870420	0	T:3.0(0.18%),B:8.3(0.02%),P:1e-2	Tpos:102.4,Tstd:51.8,Bpos:104.0,Bstd:36.0,StrandBias:3.2,Multiplicity:3.33
0.001	0.001	0.001	0.997
0.001	0.001	0.997	0.001
0.997	0.001	0.001	0.001
0.997	0.001	0.001	0.001
0.001	0.997	0.001	0.001
0.001	0.997	0.001	0.001
0.115	0.001	0.115	0.769
0.001	0.001	0.001	0.997
0.997	0.001	0.001	0.001
0.001	0.997	0.001	0.001
>ATACTAACCA	23-ATACTAACCA	10.296193	-5.305355	0	T:2.0(0.12%),B:3.7(0.01%),P:1e-2	Tpos:95.7,Tstd:49.9,Bpos:140.6,Bstd:18.0,StrandBias:10.0,Multiplicity:3.50
0.700	0.100	0.100	0.100
0.100	0.100	0.100	0.700
0.700	0.100	0.100	0.100
0.100	0.700	0.100	0.100
0.100	0.100	0.100	0.700
0.700	0.100	0.100	0.100
0.700	0.100	0.100	0.100
0.100	0.700	0.100	0.100
0.100	0.700	0.100	0.100
0.700	0.100	0.100	0.100
>TGTGGGTAGT	24-TGTGGGTAGT	6.421991	-5.209454	0	T:30.0(1.84%),B:522.5(1.10%),P:1e-2	Tpos:99.1,Tstd:54.8,Bpos:98.9,Bstd:65.2,StrandBias:1.1,Multiplicity:1.72
0.001	0.001	0.001	0.997
0.001	0.001	0.997	0.001
0.001	0.001	0.001	0.997
0.001	0.001	0.997	0.001
0.001	0.001	0.997	0.001
0.397	0.001	0.601	0.001
0.001	0.001	0.001	0.997
0.997	0.001	0.001	0.001
0.001	0.001	0.997	0.001
0.001	0.001	0.001	0.997
>TTACAATCAC	25-TTACAATCAC	10.296193	-3.387348	0	T:1.0(0.06%),B:0.5(0.00%),P:1e-1	Tpos:95.0,Tstd:64.8,Bpos:191.0,Bstd:0.0,StrandBias:10.0,Multiplicity:6.00
0.100	0.100	0.100	0.700
0.100	0.100	0.100	0.700
0.700	0.100	0.100	0.100
0.100	0.700	0.100	0.100
0.700	0.100	0.100	0.100
0.700	0.100	0.100	0.100
0.100	0.100	0.100	0.700
0.100	0.700	0.100	0.100
0.700	0.100	0.100	0.100
0.100	0.700	0.100	0.100
