>CCACTAGGGGGC	1-CCACTAGGGGGC	9.127084	-267.356986	0	T:194.0(11.92%),B:625.1(1.32%),P:1e-116	Tpos:95.9,Tstd:38.3,Bpos:102.9,Bstd:59.9,StrandBias:0.2,Multiplicity:1.01
0.062	0.818	0.072	0.048
0.001	0.997	0.001	0.001
0.817	0.016	0.054	0.113
0.010	0.867	0.099	0.024
0.139	0.238	0.064	0.559
0.875	0.024	0.032	0.069
0.012	0.024	0.963	0.001
0.237	0.001	0.750	0.012
0.036	0.036	0.672	0.256
0.001	0.012	0.963	0.024
0.036	0.037	0.891	0.036
0.087	0.826	0.012	0.075
>RTGASTCAYHNN	2-RTGASTCAYHNN	9.102933	-186.892858	0	T:152.0(9.34%),B:574.8(1.21%),P:1e-81	Tpos:105.1,Tstd:46.1,Bpos:95.4,Bstd:65.4,StrandBias:0.1,Multiplicity:1.11
0.396	0.155	0.424	0.025
0.001	0.001	0.001	0.997
0.001	0.001	0.997	0.001
0.901	0.001	0.001	0.097
0.001	0.485	0.483	0.031
0.001	0.043	0.001	0.955
0.001	0.997	0.001	0.001
0.997	0.001	0.001	0.001
0.001	0.435	0.202	0.362
0.266	0.296	0.111	0.328
0.312	0.288	0.212	0.188
0.278	0.265	0.218	0.240
>ATGGAATGGAAT	3-ATGGAATGGAAT	14.135318	-176.066380	0	T:30.0(1.84%),B:1.3(0.00%),P:1e-76	Tpos:99.6,Tstd:51.9,Bpos:27.0,Bstd:0.0,StrandBias:1.6,Multiplicity:3.43
0.997	0.001	0.001	0.001
0.001	0.001	0.001	0.997
0.048	0.090	0.861	0.001
0.001	0.001	0.997	0.001
0.997	0.001	0.001	0.001
0.981	0.017	0.001	0.001
0.001	0.001	0.001	0.997
0.001	0.043	0.955	0.001
0.001	0.001	0.997	0.001
0.997	0.001	0.001	0.001
0.997	0.001	0.001	0.001
0.001	0.001	0.001	0.997
>GAATGGAATGGA	4-GAATGGAATGGA	14.312979	-162.522075	0	T:28.0(1.72%),B:1.3(0.00%),P:1e-70	Tpos:107.7,Tstd:56.9,Bpos:15.4,Bstd:3.7,StrandBias:0.6,Multiplicity:1.67
0.086	0.057	0.816	0.041
0.967	0.001	0.016	0.016
0.695	0.179	0.076	0.050
0.039	0.050	0.001	0.910
0.099	0.176	0.664	0.061
0.016	0.049	0.894	0.041
0.983	0.008	0.001	0.008
0.747	0.125	0.079	0.049
0.069	0.052	0.008	0.871
0.105	0.153	0.617	0.125
0.034	0.024	0.853	0.089
0.983	0.001	0.008	0.008
>GAATGGAATGGA	5-GAATGGAATGGA	11.469021	-85.120909	0	T:31.0(1.91%),B:24.1(0.05%),P:1e-36	Tpos:98.0,Tstd:56.7,Bpos:102.1,Bstd:54.2,StrandBias:1.0,Multiplicity:2.04
0.142	0.071	0.645	0.142
0.997	0.001	0.001	0.001
0.883	0.001	0.081	0.035
0.110	0.001	0.001	0.888
0.071	0.001	0.863	0.065
0.072	0.080	0.777	0.071
0.997	0.001	0.001	0.001
0.714	0.108	0.125	0.053
0.103	0.057	0.071	0.769
0.070	0.275	0.601	0.054
0.202	0.089	0.585	0.124
0.946	0.001	0.001	0.052
>ATTCCATTCCAT	6-ATTCCATTCCAT	9.798644	-66.239092	0	T:37.0(2.27%),B:77.5(0.16%),P:1e-28	Tpos:114.7,Tstd:61.6,Bpos:102.3,Bstd:53.2,StrandBias:-2.1,Multiplicity:1.58
0.830	0.035	0.017	0.118
0.017	0.087	0.108	0.788
0.017	0.001	0.034	0.948
0.087	0.809	0.052	0.052
0.070	0.752	0.073	0.105
0.896	0.017	0.035	0.052
0.017	0.070	0.073	0.840
0.035	0.017	0.001	0.947
0.104	0.736	0.035	0.125
0.104	0.508	0.212	0.176
0.754	0.052	0.052	0.142
0.070	0.100	0.125	0.705
>CACTCACACCCA	7-CACTCACACCCA	13.187428	-27.337452	0	T:7.0(0.43%),B:2.5(0.01%),P:1e-11	Tpos:105.9,Tstd:58.0,Bpos:123.7,Bstd:26.1,StrandBias:10.0,Multiplicity:3.00
0.034	0.964	0.001	0.001
0.997	0.001	0.001	0.001
0.001	0.997	0.001	0.001
0.001	0.001	0.001	0.997
0.034	0.964	0.001	0.001
0.997	0.001	0.001	0.001
0.001	0.997	0.001	0.001
0.997	0.001	0.001	0.001
0.001	0.997	0.001	0.001
0.001	0.997	0.001	0.001
0.001	0.997	0.001	0.001
0.997	0.001	0.001	0.001
>TCACCATAAGAG	8-TCACCATAAGAG	12.782785	-22.709585	0	T:6.0(0.37%),B:2.8(0.01%),P:1e-9	Tpos:87.3,Tstd:52.7,Bpos:81.1,Bstd:50.7,StrandBias:2.2,Multiplicity:3.83
0.092	0.092	0.001	0.815
0.092	0.815	0.001	0.092
0.997	0.001	0.001	0.001
0.092	0.581	0.326	0.001
0.325	0.673	0.001	0.001
0.807	0.001	0.100	0.092
0.008	0.001	0.184	0.807
0.899	0.008	0.001	0.092
0.799	0.092	0.008	0.101
0.001	0.001	0.997	0.001
0.907	0.001	0.001	0.091
0.101	0.092	0.715	0.092
>TCAGTACTCATT	9-TCAGTACTCATT	14.595411	-16.690032	0	T:4.0(0.25%),B:0.5(0.00%),P:1e-7	Tpos:101.8,Tstd:68.6,Bpos:44.0,Bstd:0.0,StrandBias:0.0,Multiplicity:1.00
0.001	0.001	0.005	0.993
0.001	0.997	0.001	0.001
0.696	0.302	0.001	0.001
0.302	0.001	0.696	0.001
0.001	0.001	0.001	0.997
0.914	0.084	0.001	0.001
0.001	0.997	0.001	0.001
0.001	0.001	0.001	0.997
0.001	0.997	0.001	0.001
0.997	0.001	0.001	0.001
0.001	0.001	0.001	0.997
0.302	0.001	0.001	0.696
>CTGTCCAACCTG	10-CTGTCCAACCTG	12.355432	-16.690032	0	T:4.0(0.25%),B:1.9(0.00%),P:1e-7	Tpos:106.9,Tstd:72.6,Bpos:22.7,Bstd:12.0,StrandBias:10.0,Multiplicity:2.25
0.100	0.700	0.100	0.100
0.100	0.100	0.100	0.700
0.100	0.100	0.700	0.100
0.100	0.100	0.100	0.700
0.100	0.700	0.100	0.100
0.100	0.700	0.100	0.100
0.700	0.100	0.100	0.100
0.700	0.100	0.100	0.100
0.100	0.700	0.100	0.100
0.100	0.700	0.100	0.100
0.100	0.100	0.100	0.700
0.100	0.100	0.700	0.100
>ACTCGCGTGGGA	11-ACTCGCGTGGGA	16.421256	-16.690032	0	T:4.0(0.25%),B:0.0(0.00%),P:1e-7	Tpos:87.0,Tstd:53.6,Bpos:0.0,Bstd:0.0,StrandBias:10.0,Multiplicity:2.00
0.997	0.001	0.001	0.001
0.001	0.997	0.001	0.001
0.001	0.001	0.001	0.997
0.001	0.997	0.001	0.001
0.086	0.001	0.912	0.001
0.001	0.997	0.001	0.001
0.001	0.001	0.997	0.001
0.001	0.001	0.001	0.997
0.001	0.086	0.912	0.001
0.001	0.001	0.997	0.001
0.001	0.001	0.997	0.001
0.997	0.001	0.001	0.001
>CAGCACCCACAC	12-CAGCACCCACAC	13.351563	-16.685497	0	T:12.0(0.74%),B:43.5(0.09%),P:1e-7	Tpos:101.5,Tstd:53.1,Bpos:98.7,Bstd:69.3,StrandBias:10.0,Multiplicity:2.25
0.001	0.997	0.001	0.001
0.964	0.001	0.034	0.001
0.001	0.001	0.997	0.001
0.034	0.964	0.001	0.001
0.997	0.001	0.001	0.001
0.001	0.997	0.001	0.001
0.001	0.997	0.001	0.001
0.064	0.934	0.001	0.001
0.997	0.001	0.001	0.001
0.001	0.934	0.001	0.064
0.947	0.001	0.051	0.001
0.001	0.923	0.001	0.075
>CCAGGCGAGCAT	13-CCAGGCGAGCAT	13.465662	-14.320851	0	T:9.0(0.55%),B:27.6(0.06%),P:1e-6	Tpos:112.8,Tstd:51.6,Bpos:101.0,Bstd:84.3,StrandBias:10.0,Multiplicity:3.33
0.371	0.627	0.001	0.001
0.001	0.997	0.001	0.001
0.997	0.001	0.001	0.001
0.001	0.001	0.997	0.001
0.251	0.001	0.747	0.001
0.002	0.673	0.001	0.324
0.001	0.163	0.835	0.001
0.997	0.001	0.001	0.001
0.001	0.001	0.997	0.001
0.001	0.835	0.001	0.163
0.997	0.001	0.001	0.001
0.001	0.001	0.001	0.997
>CTTTCTAGCATG	14-CTTTCTAGCATG	13.657420	-12.350335	0	T:4.0(0.25%),B:3.4(0.01%),P:1e-5	Tpos:100.5,Tstd:48.0,Bpos:38.3,Bstd:17.5,StrandBias:2.2,Multiplicity:2.75
0.001	0.997	0.001	0.001
0.001	0.001	0.001	0.997
0.001	0.001	0.001	0.997
0.001	0.001	0.001	0.997
0.001	0.997	0.001	0.001
0.001	0.229	0.001	0.769
0.997	0.001	0.001	0.001
0.001	0.001	0.997	0.001
0.001	0.997	0.001	0.001
0.769	0.001	0.001	0.229
0.001	0.001	0.001	0.997
0.001	0.001	0.997	0.001
>AGTGTGGGTAGT	15-AGTGTGGGTAGT	12.950392	-11.929971	0	T:3.0(0.18%),B:1.5(0.00%),P:1e-5	Tpos:106.6,Tstd:51.8,Bpos:160.8,Bstd:4.9,StrandBias:10.0,Multiplicity:7.33
0.997	0.001	0.001	0.001
0.001	0.001	0.997	0.001
0.001	0.001	0.001	0.997
0.001	0.001	0.959	0.039
0.001	0.001	0.001	0.997
0.001	0.001	0.959	0.039
0.001	0.001	0.997	0.001
0.197	0.001	0.801	0.001
0.001	0.140	0.001	0.858
0.997	0.001	0.001	0.001
0.001	0.001	0.997	0.001
0.001	0.001	0.001	0.997
>CCCTCCTTACTA	16-CCCTCCTTACTA	14.238021	-11.929971	0	T:3.0(0.18%),B:1.2(0.00%),P:1e-5	Tpos:112.6,Tstd:63.2,Bpos:73.0,Bstd:0.0,StrandBias:10.0,Multiplicity:3.00
0.001	0.997	0.001	0.001
0.001	0.997	0.001	0.001
0.001	0.997	0.001	0.001
0.001	0.094	0.001	0.904
0.001	0.997	0.001	0.001
0.001	0.997	0.001	0.001
0.001	0.001	0.001	0.997
0.001	0.001	0.001	0.997
0.997	0.001	0.001	0.001
0.001	0.997	0.001	0.001
0.001	0.001	0.001	0.997
0.997	0.001	0.001	0.001
>AGAGTCTGAACC	17-AGAGTCTGAACC	14.149074	-11.929971	0	T:3.0(0.18%),B:1.7(0.00%),P:1e-5	Tpos:106.2,Tstd:49.1,Bpos:139.6,Bstd:39.2,StrandBias:10.0,Multiplicity:3.33
0.997	0.001	0.001	0.001
0.001	0.001	0.997	0.001
0.997	0.001	0.001	0.001
0.086	0.086	0.827	0.001
0.001	0.001	0.001	0.997
0.001	0.997	0.001	0.001
0.001	0.001	0.001	0.997
0.001	0.001	0.997	0.001
0.997	0.001	0.001	0.001
0.997	0.001	0.001	0.001
0.001	0.997	0.001	0.001
0.001	0.997	0.001	0.001
>ATCACGACCTAA	18-ATCACGACCTAA	10.409522	-9.876202	0	T:3.0(0.18%),B:2.5(0.01%),P:1e-4	Tpos:92.5,Tstd:54.3,Bpos:46.6,Bstd:39.6,StrandBias:10.0,Multiplicity:3.33
0.700	0.100	0.100	0.100
0.100	0.100	0.100	0.700
0.100	0.700	0.100	0.100
0.700	0.100	0.100	0.100
0.100	0.700	0.100	0.100
0.100	0.100	0.700	0.100
0.700	0.100	0.100	0.100
0.100	0.700	0.100	0.100
0.100	0.700	0.100	0.100
0.100	0.100	0.100	0.700
0.700	0.100	0.100	0.100
0.700	0.100	0.100	0.100
>TATATATATATS	19-TATATATATATS	11.533793	-8.235790	0	T:5.0(0.31%),B:16.6(0.04%),P:1e-3	Tpos:93.4,Tstd:57.8,Bpos:87.9,Bstd:69.6,StrandBias:-0.7,Multiplicity:4.20
0.001	0.001	0.001	0.997
0.997	0.001	0.001	0.001
0.001	0.001	0.001	0.997
0.972	0.001	0.026	0.001
0.001	0.001	0.001	0.997
0.799	0.001	0.173	0.027
0.001	0.001	0.001	0.997
0.997	0.001	0.001	0.001
0.001	0.001	0.001	0.997
0.997	0.001	0.001	0.001
0.001	0.001	0.001	0.997
0.257	0.442	0.301	0.001
>GATCCTCCACCT	20-GATCCTCCACCT	12.355432	-7.457055	0	T:2.0(0.12%),B:0.6(0.00%),P:1e-3	Tpos:88.6,Tstd:57.2,Bpos:110.0,Bstd:0.0,StrandBias:10.0,Multiplicity:5.00
0.100	0.100	0.700	0.100
0.700	0.100	0.100	0.100
0.100	0.100	0.100	0.700
0.100	0.700	0.100	0.100
0.100	0.700	0.100	0.100
0.100	0.100	0.100	0.700
0.100	0.700	0.100	0.100
0.100	0.700	0.100	0.100
0.700	0.100	0.100	0.100
0.100	0.700	0.100	0.100
0.100	0.700	0.100	0.100
0.100	0.100	0.100	0.700
>GGGAAGGTATAG	21-GGGAAGGTATAG	12.355432	-7.457055	0	T:2.0(0.12%),B:1.6(0.00%),P:1e-3	Tpos:103.9,Tstd:53.4,Bpos:46.0,Bstd:0.0,StrandBias:-2.8,Multiplicity:4.00
0.100	0.100	0.700	0.100
0.100	0.100	0.700	0.100
0.100	0.100	0.700	0.100
0.700	0.100	0.100	0.100
0.700	0.100	0.100	0.100
0.100	0.100	0.700	0.100
0.100	0.100	0.700	0.100
0.100	0.100	0.100	0.700
0.700	0.100	0.100	0.100
0.100	0.100	0.100	0.700
0.700	0.100	0.100	0.100
0.100	0.100	0.700	0.100
>GTTAGCGTCACG	22-GTTAGCGTCACG	10.409522	-6.093556	0	T:2.0(0.12%),B:2.7(0.01%),P:1e-2	Tpos:91.0,Tstd:53.3,Bpos:108.3,Bstd:43.3,StrandBias:10.0,Multiplicity:8.00
0.100	0.100	0.700	0.100
0.100	0.100	0.100	0.700
0.100	0.100	0.100	0.700
0.700	0.100	0.100	0.100
0.100	0.100	0.700	0.100
0.100	0.700	0.100	0.100
0.100	0.100	0.700	0.100
0.100	0.100	0.100	0.700
0.100	0.700	0.100	0.100
0.700	0.100	0.100	0.100
0.100	0.700	0.100	0.100
0.100	0.100	0.700	0.100
>CACATCCTCATC	23-CACATCCTCATC	12.355432	-6.093556	0	T:2.0(0.12%),B:2.7(0.01%),P:1e-2	Tpos:99.8,Tstd:56.3,Bpos:124.0,Bstd:51.2,StrandBias:10.0,Multiplicity:6.00
0.100	0.700	0.100	0.100
0.700	0.100	0.100	0.100
0.100	0.700	0.100	0.100
0.700	0.100	0.100	0.100
0.100	0.100	0.100	0.700
0.100	0.700	0.100	0.100
0.100	0.700	0.100	0.100
0.100	0.100	0.100	0.700
0.100	0.700	0.100	0.100
0.700	0.100	0.100	0.100
0.100	0.100	0.100	0.700
0.100	0.700	0.100	0.100
>ACCCTCTCCACA	24-ACCCTCTCCACA	12.355432	-2.711234	0	T:1.0(0.06%),B:2.7(0.01%),P:1e-1	Tpos:104.1,Tstd:58.0,Bpos:100.9,Bstd:41.8,StrandBias:10.0,Multiplicity:11.00
0.700	0.100	0.100	0.100
0.100	0.700	0.100	0.100
0.100	0.700	0.100	0.100
0.100	0.700	0.100	0.100
0.100	0.100	0.100	0.700
0.100	0.700	0.100	0.100
0.100	0.100	0.100	0.700
0.100	0.700	0.100	0.100
0.100	0.700	0.100	0.100
0.700	0.100	0.100	0.100
0.100	0.700	0.100	0.100
0.700	0.100	0.100	0.100
>CTCAGTCCTCAT	25-CTCAGTCCTCAT	12.355432	-2.322704	0	T:1.0(0.06%),B:3.8(0.01%),P:1e-1	Tpos:94.6,Tstd:48.6,Bpos:88.7,Bstd:46.1,StrandBias:10.0,Multiplicity:10.00
0.100	0.700	0.100	0.100
0.100	0.100	0.100	0.700
0.100	0.700	0.100	0.100
0.700	0.100	0.100	0.100
0.100	0.100	0.700	0.100
0.100	0.100	0.100	0.700
0.100	0.700	0.100	0.100
0.100	0.700	0.100	0.100
0.100	0.100	0.100	0.700
0.100	0.700	0.100	0.100
0.700	0.100	0.100	0.100
0.100	0.100	0.100	0.700
