>DGTGASTCAY	1-DGTGASTCAY	8.209576	-190.614752	0	T:178.0(10.94%),B:810.4(1.71%),P:1e-82	Tpos:102.1,Tstd:47.0,Bpos:96.5,Bstd:66.6,StrandBias:0.0,Multiplicity:1.13
0.292	0.137	0.277	0.293
0.320	0.130	0.489	0.061
0.015	0.018	0.007	0.960
0.036	0.018	0.843	0.103
0.942	0.008	0.016	0.034
0.012	0.443	0.523	0.022
0.056	0.013	0.028	0.903
0.107	0.884	0.001	0.008
0.963	0.001	0.018	0.018
0.098	0.386	0.141	0.375
>CACCAGAGGG	2-CACCAGAGGG	9.409860	-172.671869	0	T:186.0(11.43%),B:1003.3(2.12%),P:1e-74	Tpos:97.4,Tstd:40.6,Bpos:99.7,Bstd:64.0,StrandBias:0.5,Multiplicity:1.02
0.001	0.997	0.001	0.001
0.997	0.001	0.001	0.001
0.001	0.847	0.151	0.001
0.142	0.582	0.068	0.208
0.997	0.001	0.001	0.001
0.001	0.001	0.997	0.001
0.669	0.001	0.329	0.001
0.001	0.001	0.588	0.410
0.001	0.001	0.997	0.001
0.001	0.001	0.997	0.001
>TCGAATGGAA	3-TCGAATGGAA	11.481970	-122.790992	0	T:22.0(1.35%),B:1.5(0.00%),P:1e-53	Tpos:100.2,Tstd:58.2,Bpos:131.7,Bstd:50.8,StrandBias:1.3,Multiplicity:1.42
0.013	0.032	0.051	0.904
0.122	0.509	0.336	0.033
0.092	0.047	0.785	0.076
0.925	0.039	0.016	0.020
0.919	0.016	0.036	0.029
0.067	0.055	0.047	0.831
0.270	0.001	0.617	0.112
0.014	0.115	0.819	0.052
0.902	0.020	0.045	0.033
0.795	0.029	0.028	0.148
>ATSGAATCGA	4-ATSGAATCGA	9.846326	-82.719943	0	T:30.0(1.84%),B:23.0(0.05%),P:1e-35	Tpos:101.0,Tstd:53.3,Bpos:91.1,Bstd:50.2,StrandBias:1.2,Multiplicity:9.77
0.788	0.024	0.081	0.107
0.057	0.029	0.069	0.845
0.063	0.447	0.450	0.040
0.031	0.029	0.858	0.082
0.806	0.081	0.040	0.073
0.529	0.273	0.083	0.115
0.040	0.098	0.053	0.809
0.073	0.474	0.317	0.136
0.070	0.082	0.753	0.095
0.851	0.045	0.056	0.048
>AATGGAATNG	5-AATGGAATNG	8.591631	-59.577076	0	T:33.0(2.03%),B:68.4(0.14%),P:1e-25	Tpos:105.6,Tstd:56.2,Bpos:109.3,Bstd:62.2,StrandBias:1.6,Multiplicity:1.71
0.850	0.038	0.043	0.069
0.800	0.071	0.049	0.080
0.059	0.095	0.001	0.845
0.180	0.117	0.615	0.088
0.057	0.141	0.693	0.109
0.843	0.025	0.014	0.118
0.692	0.214	0.016	0.078
0.087	0.051	0.073	0.789
0.211	0.341	0.230	0.217
0.196	0.081	0.677	0.046
>ACAGGAAGCG	6-ACAGGAAGCG	8.363783	-48.929493	0	T:95.0(5.84%),B:869.5(1.84%),P:1e-21	Tpos:104.8,Tstd:54.2,Bpos:97.8,Bstd:60.1,StrandBias:0.1,Multiplicity:1.16
0.960	0.001	0.010	0.029
0.018	0.980	0.001	0.001
0.959	0.001	0.001	0.039
0.029	0.001	0.969	0.001
0.070	0.001	0.928	0.001
0.807	0.001	0.001	0.191
0.976	0.001	0.022	0.001
0.120	0.019	0.860	0.001
0.121	0.808	0.001	0.070
0.068	0.118	0.762	0.052
>VBAATGGAAT	7-VBAATGGAAT	6.506669	-33.676450	0	T:73.0(4.49%),B:726.1(1.53%),P:1e-14	Tpos:94.0,Tstd:57.8,Bpos:95.5,Bstd:61.9,StrandBias:0.7,Multiplicity:1.74
0.236	0.365	0.291	0.109
0.018	0.251	0.349	0.382
0.880	0.078	0.010	0.032
0.507	0.037	0.313	0.143
0.019	0.027	0.199	0.755
0.286	0.024	0.504	0.186
0.019	0.266	0.472	0.242
0.807	0.027	0.138	0.028
0.442	0.183	0.174	0.201
0.211	0.011	0.096	0.682
>TGAGTGACGT	8-TGAGTGACGT	10.296193	-18.609320	0	T:6.0(0.37%),B:4.7(0.01%),P:1e-8	Tpos:117.3,Tstd:53.2,Bpos:95.7,Bstd:40.6,StrandBias:-3.7,Multiplicity:2.33
0.100	0.100	0.100	0.700
0.100	0.100	0.700	0.100
0.700	0.100	0.100	0.100
0.100	0.100	0.700	0.100
0.100	0.100	0.100	0.700
0.100	0.100	0.700	0.100
0.700	0.100	0.100	0.100
0.100	0.700	0.100	0.100
0.100	0.100	0.700	0.100
0.100	0.100	0.100	0.700
>CTCACCATAA	9-CTCACCATAA	10.296193	-18.236071	0	T:5.0(0.31%),B:2.2(0.00%),P:1e-7	Tpos:96.2,Tstd:47.0,Bpos:106.9,Bstd:56.1,StrandBias:10.0,Multiplicity:3.40
0.100	0.700	0.100	0.100
0.100	0.100	0.100	0.700
0.100	0.700	0.100	0.100
0.700	0.100	0.100	0.100
0.100	0.700	0.100	0.100
0.100	0.700	0.100	0.100
0.700	0.100	0.100	0.100
0.100	0.100	0.100	0.700
0.700	0.100	0.100	0.100
0.700	0.100	0.100	0.100
>TCGCGTGGGA	10-TCGCGTGGGA	13.734976	-13.944835	0	T:4.0(0.25%),B:2.4(0.01%),P:1e-6	Tpos:88.0,Tstd:53.6,Bpos:58.6,Bstd:39.3,StrandBias:10.0,Multiplicity:2.00
0.001	0.001	0.001	0.997
0.001	0.997	0.001	0.001
0.001	0.001	0.997	0.001
0.001	0.997	0.001	0.001
0.001	0.001	0.997	0.001
0.001	0.001	0.001	0.997
0.001	0.094	0.904	0.001
0.001	0.001	0.997	0.001
0.001	0.001	0.997	0.001
0.997	0.001	0.001	0.001
>AGCATCTGAC	11-AGCATCTGAC	10.655604	-12.261098	0	T:12.0(0.74%),B:66.2(0.14%),P:1e-5	Tpos:115.0,Tstd:53.7,Bpos:104.2,Bstd:69.1,StrandBias:2.6,Multiplicity:2.33
0.997	0.001	0.001	0.001
0.001	0.001	0.997	0.001
0.001	0.997	0.001	0.001
0.956	0.001	0.042	0.001
0.001	0.001	0.001	0.997
0.001	0.956	0.001	0.042
0.001	0.001	0.078	0.920
0.001	0.001	0.997	0.001
0.997	0.001	0.001	0.001
0.049	0.949	0.001	0.001
>GTAGTAKYAC	12-GTAGTAKYAC	9.574135	-12.251397	0	T:6.0(0.37%),B:12.9(0.03%),P:1e-5	Tpos:97.7,Tstd:54.8,Bpos:73.6,Bstd:58.6,StrandBias:10.0,Multiplicity:2.83
0.043	0.043	0.818	0.096
0.129	0.001	0.001	0.869
0.956	0.042	0.001	0.001
0.001	0.043	0.647	0.309
0.042	0.001	0.001	0.956
0.869	0.087	0.043	0.001
0.179	0.043	0.369	0.409
0.001	0.452	0.226	0.322
0.501	0.273	0.087	0.139
0.087	0.825	0.087	0.001
>TAGGGTCACG	13-TAGGGTCACG	11.699715	-12.114555	0	T:5.0(0.31%),B:7.9(0.02%),P:1e-5	Tpos:94.6,Tstd:50.4,Bpos:142.5,Bstd:35.4,StrandBias:2.2,Multiplicity:3.40
0.001	0.001	0.001	0.997
0.997	0.001	0.001	0.001
0.001	0.001	0.997	0.001
0.001	0.056	0.942	0.001
0.001	0.125	0.873	0.001
0.001	0.001	0.001	0.997
0.001	0.997	0.001	0.001
0.997	0.001	0.001	0.001
0.001	0.997	0.001	0.001
0.001	0.001	0.997	0.001
>TGACCTGTAG	14-TGACCTGTAG	11.370798	-10.307049	0	T:6.0(0.37%),B:17.8(0.04%),P:1e-4	Tpos:109.4,Tstd:48.7,Bpos:93.1,Bstd:69.7,StrandBias:2.5,Multiplicity:2.17
0.001	0.001	0.001	0.997
0.001	0.001	0.997	0.001
0.997	0.001	0.001	0.001
0.001	0.997	0.001	0.001
0.001	0.997	0.001	0.001
0.001	0.085	0.001	0.913
0.001	0.001	0.997	0.001
0.001	0.001	0.001	0.997
0.997	0.001	0.001	0.001
0.001	0.001	0.997	0.001
>AAGGTATAGG	15-AAGGTATAGG	10.296193	-9.876202	0	T:3.0(0.18%),B:3.0(0.01%),P:1e-4	Tpos:112.8,Tstd:58.3,Bpos:48.3,Bstd:5.5,StrandBias:-1.8,Multiplicity:3.00
0.700	0.100	0.100	0.100
0.700	0.100	0.100	0.100
0.100	0.100	0.700	0.100
0.100	0.100	0.700	0.100
0.100	0.100	0.100	0.700
0.700	0.100	0.100	0.100
0.100	0.100	0.100	0.700
0.700	0.100	0.100	0.100
0.100	0.100	0.700	0.100
0.100	0.100	0.700	0.100
>GACCGGGTGT	16-GACCGGGTGT	10.296193	-9.876202	0	T:3.0(0.18%),B:2.6(0.01%),P:1e-4	Tpos:99.3,Tstd:61.5,Bpos:101.6,Bstd:42.5,StrandBias:2.6,Multiplicity:2.33
0.100	0.100	0.700	0.100
0.700	0.100	0.100	0.100
0.100	0.700	0.100	0.100
0.100	0.700	0.100	0.100
0.100	0.100	0.700	0.100
0.100	0.100	0.700	0.100
0.100	0.100	0.700	0.100
0.100	0.100	0.100	0.700
0.100	0.100	0.700	0.100
0.100	0.100	0.100	0.700
>CAGTACTCAT	17-CAGTACTCAT	11.367097	-8.486752	0	T:8.0(0.49%),B:45.2(0.10%),P:1e-3	Tpos:89.6,Tstd:56.8,Bpos:99.7,Bstd:63.4,StrandBias:1.9,Multiplicity:2.38
0.001	0.997	0.001	0.001
0.670	0.326	0.003	0.001
0.002	0.323	0.674	0.001
0.001	0.001	0.001	0.997
0.703	0.295	0.001	0.001
0.001	0.997	0.001	0.001
0.001	0.001	0.001	0.997
0.001	0.997	0.001	0.001
0.997	0.001	0.001	0.001
0.001	0.001	0.368	0.630
>ATATATATAT	18-ATATATATAT	11.379270	-8.440886	0	T:6.0(0.37%),B:24.1(0.05%),P:1e-3	Tpos:96.8,Tstd:59.0,Bpos:79.6,Bstd:73.0,StrandBias:0.4,Multiplicity:2.67
0.997	0.001	0.001	0.001
0.001	0.080	0.001	0.918
0.997	0.001	0.001	0.001
0.001	0.102	0.001	0.896
0.997	0.001	0.001	0.001
0.001	0.092	0.001	0.906
0.997	0.001	0.001	0.001
0.001	0.114	0.001	0.884
0.997	0.001	0.001	0.001
0.001	0.001	0.001	0.997
>AGCACCCACA	19-AGCACCCACA	10.296193	-6.596997	0	T:10.0(0.61%),B:90.5(0.19%),P:1e-2	Tpos:97.8,Tstd:57.6,Bpos:99.1,Bstd:69.6,StrandBias:10.0,Multiplicity:2.50
0.700	0.100	0.100	0.100
0.100	0.100	0.700	0.100
0.100	0.700	0.100	0.100
0.700	0.100	0.100	0.100
0.100	0.700	0.100	0.100
0.100	0.700	0.100	0.100
0.100	0.700	0.100	0.100
0.700	0.100	0.100	0.100
0.100	0.700	0.100	0.100
0.700	0.100	0.100	0.100
>TBACGASYTA	20-TBACGASYTA	7.516558	-6.487401	0	T:4.0(0.25%),B:14.1(0.03%),P:1e-2	Tpos:100.3,Tstd:57.6,Bpos:82.1,Bstd:52.3,StrandBias:10.0,Multiplicity:4.00
0.193	0.155	0.229	0.423
0.078	0.273	0.296	0.353
0.997	0.001	0.001	0.001
0.088	0.771	0.140	0.001
0.001	0.039	0.575	0.385
0.684	0.066	0.168	0.082
0.057	0.406	0.323	0.214
0.090	0.359	0.154	0.398
0.090	0.052	0.143	0.715
0.502	0.091	0.153	0.254
>ACACCCAYAH	21-ACACCCAYAH	8.829876	-6.250586	0	T:19.0(1.17%),B:257.8(0.54%),P:1e-2	Tpos:102.3,Tstd:59.4,Bpos:107.0,Bstd:67.9,StrandBias:0.9,Multiplicity:1.63
0.785	0.001	0.213	0.001
0.009	0.989	0.001	0.001
0.652	0.130	0.001	0.217
0.211	0.508	0.001	0.280
0.001	0.942	0.001	0.056
0.311	0.490	0.001	0.198
0.528	0.001	0.229	0.242
0.001	0.479	0.017	0.503
0.972	0.001	0.026	0.001
0.263	0.384	0.001	0.352
>TGAACCTTAC	22-TGAACCTTAC	11.673079	-5.870420	0	T:3.0(0.18%),B:8.3(0.02%),P:1e-2	Tpos:102.4,Tstd:51.8,Bpos:104.0,Bstd:36.0,StrandBias:3.2,Multiplicity:3.33
0.001	0.001	0.001	0.997
0.001	0.001	0.997	0.001
0.997	0.001	0.001	0.001
0.997	0.001	0.001	0.001
0.001	0.997	0.001	0.001
0.001	0.997	0.001	0.001
0.115	0.001	0.115	0.769
0.001	0.001	0.001	0.997
0.997	0.001	0.001	0.001
0.001	0.997	0.001	0.001
>ATACTAACCA	23-ATACTAACCA	10.296193	-5.305355	0	T:2.0(0.12%),B:3.7(0.01%),P:1e-2	Tpos:95.7,Tstd:49.9,Bpos:140.6,Bstd:18.0,StrandBias:10.0,Multiplicity:3.50
0.700	0.100	0.100	0.100
0.100	0.100	0.100	0.700
0.700	0.100	0.100	0.100
0.100	0.700	0.100	0.100
0.100	0.100	0.100	0.700
0.700	0.100	0.100	0.100
0.700	0.100	0.100	0.100
0.100	0.700	0.100	0.100
0.100	0.700	0.100	0.100
0.700	0.100	0.100	0.100
>TGTGGGTAGT	24-TGTGGGTAGT	6.421991	-5.209454	0	T:30.0(1.84%),B:522.5(1.10%),P:1e-2	Tpos:99.1,Tstd:54.8,Bpos:98.9,Bstd:65.2,StrandBias:1.1,Multiplicity:1.72
0.001	0.001	0.001	0.997
0.001	0.001	0.997	0.001
0.001	0.001	0.001	0.997
0.001	0.001	0.997	0.001
0.001	0.001	0.997	0.001
0.397	0.001	0.601	0.001
0.001	0.001	0.001	0.997
0.997	0.001	0.001	0.001
0.001	0.001	0.997	0.001
0.001	0.001	0.001	0.997
>TTACAATCAC	25-TTACAATCAC	10.296193	-3.387348	0	T:1.0(0.06%),B:0.5(0.00%),P:1e-1	Tpos:95.0,Tstd:64.8,Bpos:191.0,Bstd:0.0,StrandBias:10.0,Multiplicity:6.00
0.100	0.100	0.100	0.700
0.100	0.100	0.100	0.700
0.700	0.100	0.100	0.100
0.100	0.700	0.100	0.100
0.700	0.100	0.100	0.100
0.700	0.100	0.100	0.100
0.100	0.100	0.100	0.700
0.100	0.700	0.100	0.100
0.700	0.100	0.100	0.100
0.100	0.700	0.100	0.100
>CCACTAGGGGGC	1-CCACTAGGGGGC	9.127084	-267.356986	0	T:194.0(11.92%),B:625.1(1.32%),P:1e-116	Tpos:95.9,Tstd:38.3,Bpos:102.9,Bstd:59.9,StrandBias:0.2,Multiplicity:1.01
0.062	0.818	0.072	0.048
0.001	0.997	0.001	0.001
0.817	0.016	0.054	0.113
0.010	0.867	0.099	0.024
0.139	0.238	0.064	0.559
0.875	0.024	0.032	0.069
0.012	0.024	0.963	0.001
0.237	0.001	0.750	0.012
0.036	0.036	0.672	0.256
0.001	0.012	0.963	0.024
0.036	0.037	0.891	0.036
0.087	0.826	0.012	0.075
>RTGASTCAYHNN	2-RTGASTCAYHNN	9.102933	-186.892858	0	T:152.0(9.34%),B:574.8(1.21%),P:1e-81	Tpos:105.1,Tstd:46.1,Bpos:95.4,Bstd:65.4,StrandBias:0.1,Multiplicity:1.11
0.396	0.155	0.424	0.025
0.001	0.001	0.001	0.997
0.001	0.001	0.997	0.001
0.901	0.001	0.001	0.097
0.001	0.485	0.483	0.031
0.001	0.043	0.001	0.955
0.001	0.997	0.001	0.001
0.997	0.001	0.001	0.001
0.001	0.435	0.202	0.362
0.266	0.296	0.111	0.328
0.312	0.288	0.212	0.188
0.278	0.265	0.218	0.240
>ATGGAATGGAAT	3-ATGGAATGGAAT	14.135318	-176.066380	0	T:30.0(1.84%),B:1.3(0.00%),P:1e-76	Tpos:99.6,Tstd:51.9,Bpos:27.0,Bstd:0.0,StrandBias:1.6,Multiplicity:3.43
0.997	0.001	0.001	0.001
0.001	0.001	0.001	0.997
0.048	0.090	0.861	0.001
0.001	0.001	0.997	0.001
0.997	0.001	0.001	0.001
0.981	0.017	0.001	0.001
0.001	0.001	0.001	0.997
0.001	0.043	0.955	0.001
0.001	0.001	0.997	0.001
0.997	0.001	0.001	0.001
0.997	0.001	0.001	0.001
0.001	0.001	0.001	0.997
>GAATGGAATGGA	4-GAATGGAATGGA	14.312979	-162.522075	0	T:28.0(1.72%),B:1.3(0.00%),P:1e-70	Tpos:107.7,Tstd:56.9,Bpos:15.4,Bstd:3.7,StrandBias:0.6,Multiplicity:1.67
0.086	0.057	0.816	0.041
0.967	0.001	0.016	0.016
0.695	0.179	0.076	0.050
0.039	0.050	0.001	0.910
0.099	0.176	0.664	0.061
0.016	0.049	0.894	0.041
0.983	0.008	0.001	0.008
0.747	0.125	0.079	0.049
0.069	0.052	0.008	0.871
0.105	0.153	0.617	0.125
0.034	0.024	0.853	0.089
0.983	0.001	0.008	0.008
>GAATGGAATGGA	5-GAATGGAATGGA	11.469021	-85.120909	0	T:31.0(1.91%),B:24.1(0.05%),P:1e-36	Tpos:98.0,Tstd:56.7,Bpos:102.1,Bstd:54.2,StrandBias:1.0,Multiplicity:2.04
0.142	0.071	0.645	0.142
0.997	0.001	0.001	0.001
0.883	0.001	0.081	0.035
0.110	0.001	0.001	0.888
0.071	0.001	0.863	0.065
0.072	0.080	0.777	0.071
0.997	0.001	0.001	0.001
0.714	0.108	0.125	0.053
0.103	0.057	0.071	0.769
0.070	0.275	0.601	0.054
0.202	0.089	0.585	0.124
0.946	0.001	0.001	0.052
>ATTCCATTCCAT	6-ATTCCATTCCAT	9.798644	-66.239092	0	T:37.0(2.27%),B:77.5(0.16%),P:1e-28	Tpos:114.7,Tstd:61.6,Bpos:102.3,Bstd:53.2,StrandBias:-2.1,Multiplicity:1.58
0.830	0.035	0.017	0.118
0.017	0.087	0.108	0.788
0.017	0.001	0.034	0.948
0.087	0.809	0.052	0.052
0.070	0.752	0.073	0.105
0.896	0.017	0.035	0.052
0.017	0.070	0.073	0.840
0.035	0.017	0.001	0.947
0.104	0.736	0.035	0.125
0.104	0.508	0.212	0.176
0.754	0.052	0.052	0.142
0.070	0.100	0.125	0.705
>CACTCACACCCA	7-CACTCACACCCA	13.187428	-27.337452	0	T:7.0(0.43%),B:2.5(0.01%),P:1e-11	Tpos:105.9,Tstd:58.0,Bpos:123.7,Bstd:26.1,StrandBias:10.0,Multiplicity:3.00
0.034	0.964	0.001	0.001
0.997	0.001	0.001	0.001
0.001	0.997	0.001	0.001
0.001	0.001	0.001	0.997
0.034	0.964	0.001	0.001
0.997	0.001	0.001	0.001
0.001	0.997	0.001	0.001
0.997	0.001	0.001	0.001
0.001	0.997	0.001	0.001
0.001	0.997	0.001	0.001
0.001	0.997	0.001	0.001
0.997	0.001	0.001	0.001
>TCACCATAAGAG	8-TCACCATAAGAG	12.782785	-22.709585	0	T:6.0(0.37%),B:2.8(0.01%),P:1e-9	Tpos:87.3,Tstd:52.7,Bpos:81.1,Bstd:50.7,StrandBias:2.2,Multiplicity:3.83
0.092	0.092	0.001	0.815
0.092	0.815	0.001	0.092
0.997	0.001	0.001	0.001
0.092	0.581	0.326	0.001
0.325	0.673	0.001	0.001
0.807	0.001	0.100	0.092
0.008	0.001	0.184	0.807
0.899	0.008	0.001	0.092
0.799	0.092	0.008	0.101
0.001	0.001	0.997	0.001
0.907	0.001	0.001	0.091
0.101	0.092	0.715	0.092
>TCAGTACTCATT	9-TCAGTACTCATT	14.595411	-16.690032	0	T:4.0(0.25%),B:0.5(0.00%),P:1e-7	Tpos:101.8,Tstd:68.6,Bpos:44.0,Bstd:0.0,StrandBias:0.0,Multiplicity:1.00
0.001	0.001	0.005	0.993
0.001	0.997	0.001	0.001
0.696	0.302	0.001	0.001
0.302	0.001	0.696	0.001
0.001	0.001	0.001	0.997
0.914	0.084	0.001	0.001
0.001	0.997	0.001	0.001
0.001	0.001	0.001	0.997
0.001	0.997	0.001	0.001
0.997	0.001	0.001	0.001
0.001	0.001	0.001	0.997
0.302	0.001	0.001	0.696
>CTGTCCAACCTG	10-CTGTCCAACCTG	12.355432	-16.690032	0	T:4.0(0.25%),B:1.9(0.00%),P:1e-7	Tpos:106.9,Tstd:72.6,Bpos:22.7,Bstd:12.0,StrandBias:10.0,Multiplicity:2.25
0.100	0.700	0.100	0.100
0.100	0.100	0.100	0.700
0.100	0.100	0.700	0.100
0.100	0.100	0.100	0.700
0.100	0.700	0.100	0.100
0.100	0.700	0.100	0.100
0.700	0.100	0.100	0.100
0.700	0.100	0.100	0.100
0.100	0.700	0.100	0.100
0.100	0.700	0.100	0.100
0.100	0.100	0.100	0.700
0.100	0.100	0.700	0.100
>ACTCGCGTGGGA	11-ACTCGCGTGGGA	16.421256	-16.690032	0	T:4.0(0.25%),B:0.0(0.00%),P:1e-7	Tpos:87.0,Tstd:53.6,Bpos:0.0,Bstd:0.0,StrandBias:10.0,Multiplicity:2.00
0.997	0.001	0.001	0.001
0.001	0.997	0.001	0.001
0.001	0.001	0.001	0.997
0.001	0.997	0.001	0.001
0.086	0.001	0.912	0.001
0.001	0.997	0.001	0.001
0.001	0.001	0.997	0.001
0.001	0.001	0.001	0.997
0.001	0.086	0.912	0.001
0.001	0.001	0.997	0.001
0.001	0.001	0.997	0.001
0.997	0.001	0.001	0.001
>CAGCACCCACAC	12-CAGCACCCACAC	13.351563	-16.685497	0	T:12.0(0.74%),B:43.5(0.09%),P:1e-7	Tpos:101.5,Tstd:53.1,Bpos:98.7,Bstd:69.3,StrandBias:10.0,Multiplicity:2.25
0.001	0.997	0.001	0.001
0.964	0.001	0.034	0.001
0.001	0.001	0.997	0.001
0.034	0.964	0.001	0.001
0.997	0.001	0.001	0.001
0.001	0.997	0.001	0.001
0.001	0.997	0.001	0.001
0.064	0.934	0.001	0.001
0.997	0.001	0.001	0.001
0.001	0.934	0.001	0.064
0.947	0.001	0.051	0.001
0.001	0.923	0.001	0.075
>CCAGGCGAGCAT	13-CCAGGCGAGCAT	13.465662	-14.320851	0	T:9.0(0.55%),B:27.6(0.06%),P:1e-6	Tpos:112.8,Tstd:51.6,Bpos:101.0,Bstd:84.3,StrandBias:10.0,Multiplicity:3.33
0.371	0.627	0.001	0.001
0.001	0.997	0.001	0.001
0.997	0.001	0.001	0.001
0.001	0.001	0.997	0.001
0.251	0.001	0.747	0.001
0.002	0.673	0.001	0.324
0.001	0.163	0.835	0.001
0.997	0.001	0.001	0.001
0.001	0.001	0.997	0.001
0.001	0.835	0.001	0.163
0.997	0.001	0.001	0.001
0.001	0.001	0.001	0.997
>CTTTCTAGCATG	14-CTTTCTAGCATG	13.657420	-12.350335	0	T:4.0(0.25%),B:3.4(0.01%),P:1e-5	Tpos:100.5,Tstd:48.0,Bpos:38.3,Bstd:17.5,StrandBias:2.2,Multiplicity:2.75
0.001	0.997	0.001	0.001
0.001	0.001	0.001	0.997
0.001	0.001	0.001	0.997
0.001	0.001	0.001	0.997
0.001	0.997	0.001	0.001
0.001	0.229	0.001	0.769
0.997	0.001	0.001	0.001
0.001	0.001	0.997	0.001
0.001	0.997	0.001	0.001
0.769	0.001	0.001	0.229
0.001	0.001	0.001	0.997
0.001	0.001	0.997	0.001
>AGTGTGGGTAGT	15-AGTGTGGGTAGT	12.950392	-11.929971	0	T:3.0(0.18%),B:1.5(0.00%),P:1e-5	Tpos:106.6,Tstd:51.8,Bpos:160.8,Bstd:4.9,StrandBias:10.0,Multiplicity:7.33
0.997	0.001	0.001	0.001
0.001	0.001	0.997	0.001
0.001	0.001	0.001	0.997
0.001	0.001	0.959	0.039
0.001	0.001	0.001	0.997
0.001	0.001	0.959	0.039
0.001	0.001	0.997	0.001
0.197	0.001	0.801	0.001
0.001	0.140	0.001	0.858
0.997	0.001	0.001	0.001
0.001	0.001	0.997	0.001
0.001	0.001	0.001	0.997
>CCCTCCTTACTA	16-CCCTCCTTACTA	14.238021	-11.929971	0	T:3.0(0.18%),B:1.2(0.00%),P:1e-5	Tpos:112.6,Tstd:63.2,Bpos:73.0,Bstd:0.0,StrandBias:10.0,Multiplicity:3.00
0.001	0.997	0.001	0.001
0.001	0.997	0.001	0.001
0.001	0.997	0.001	0.001
0.001	0.094	0.001	0.904
0.001	0.997	0.001	0.001
0.001	0.997	0.001	0.001
0.001	0.001	0.001	0.997
0.001	0.001	0.001	0.997
0.997	0.001	0.001	0.001
0.001	0.997	0.001	0.001
0.001	0.001	0.001	0.997
0.997	0.001	0.001	0.001
>AGAGTCTGAACC	17-AGAGTCTGAACC	14.149074	-11.929971	0	T:3.0(0.18%),B:1.7(0.00%),P:1e-5	Tpos:106.2,Tstd:49.1,Bpos:139.6,Bstd:39.2,StrandBias:10.0,Multiplicity:3.33
0.997	0.001	0.001	0.001
0.001	0.001	0.997	0.001
0.997	0.001	0.001	0.001
0.086	0.086	0.827	0.001
0.001	0.001	0.001	0.997
0.001	0.997	0.001	0.001
0.001	0.001	0.001	0.997
0.001	0.001	0.997	0.001
0.997	0.001	0.001	0.001
0.997	0.001	0.001	0.001
0.001	0.997	0.001	0.001
0.001	0.997	0.001	0.001
>ATCACGACCTAA	18-ATCACGACCTAA	10.409522	-9.876202	0	T:3.0(0.18%),B:2.5(0.01%),P:1e-4	Tpos:92.5,Tstd:54.3,Bpos:46.6,Bstd:39.6,StrandBias:10.0,Multiplicity:3.33
0.700	0.100	0.100	0.100
0.100	0.100	0.100	0.700
0.100	0.700	0.100	0.100
0.700	0.100	0.100	0.100
0.100	0.700	0.100	0.100
0.100	0.100	0.700	0.100
0.700	0.100	0.100	0.100
0.100	0.700	0.100	0.100
0.100	0.700	0.100	0.100
0.100	0.100	0.100	0.700
0.700	0.100	0.100	0.100
0.700	0.100	0.100	0.100
>TATATATATATS	19-TATATATATATS	11.533793	-8.235790	0	T:5.0(0.31%),B:16.6(0.04%),P:1e-3	Tpos:93.4,Tstd:57.8,Bpos:87.9,Bstd:69.6,StrandBias:-0.7,Multiplicity:4.20
0.001	0.001	0.001	0.997
0.997	0.001	0.001	0.001
0.001	0.001	0.001	0.997
0.972	0.001	0.026	0.001
0.001	0.001	0.001	0.997
0.799	0.001	0.173	0.027
0.001	0.001	0.001	0.997
0.997	0.001	0.001	0.001
0.001	0.001	0.001	0.997
0.997	0.001	0.001	0.001
0.001	0.001	0.001	0.997
0.257	0.442	0.301	0.001
>GATCCTCCACCT	20-GATCCTCCACCT	12.355432	-7.457055	0	T:2.0(0.12%),B:0.6(0.00%),P:1e-3	Tpos:88.6,Tstd:57.2,Bpos:110.0,Bstd:0.0,StrandBias:10.0,Multiplicity:5.00
0.100	0.100	0.700	0.100
0.700	0.100	0.100	0.100
0.100	0.100	0.100	0.700
0.100	0.700	0.100	0.100
0.100	0.700	0.100	0.100
0.100	0.100	0.100	0.700
0.100	0.700	0.100	0.100
0.100	0.700	0.100	0.100
0.700	0.100	0.100	0.100
0.100	0.700	0.100	0.100
0.100	0.700	0.100	0.100
0.100	0.100	0.100	0.700
>GGGAAGGTATAG	21-GGGAAGGTATAG	12.355432	-7.457055	0	T:2.0(0.12%),B:1.6(0.00%),P:1e-3	Tpos:103.9,Tstd:53.4,Bpos:46.0,Bstd:0.0,StrandBias:-2.8,Multiplicity:4.00
0.100	0.100	0.700	0.100
0.100	0.100	0.700	0.100
0.100	0.100	0.700	0.100
0.700	0.100	0.100	0.100
0.700	0.100	0.100	0.100
0.100	0.100	0.700	0.100
0.100	0.100	0.700	0.100
0.100	0.100	0.100	0.700
0.700	0.100	0.100	0.100
0.100	0.100	0.100	0.700
0.700	0.100	0.100	0.100
0.100	0.100	0.700	0.100
>GTTAGCGTCACG	22-GTTAGCGTCACG	10.409522	-6.093556	0	T:2.0(0.12%),B:2.7(0.01%),P:1e-2	Tpos:91.0,Tstd:53.3,Bpos:108.3,Bstd:43.3,StrandBias:10.0,Multiplicity:8.00
0.100	0.100	0.700	0.100
0.100	0.100	0.100	0.700
0.100	0.100	0.100	0.700
0.700	0.100	0.100	0.100
0.100	0.100	0.700	0.100
0.100	0.700	0.100	0.100
0.100	0.100	0.700	0.100
0.100	0.100	0.100	0.700
0.100	0.700	0.100	0.100
0.700	0.100	0.100	0.100
0.100	0.700	0.100	0.100
0.100	0.100	0.700	0.100
>CACATCCTCATC	23-CACATCCTCATC	12.355432	-6.093556	0	T:2.0(0.12%),B:2.7(0.01%),P:1e-2	Tpos:99.8,Tstd:56.3,Bpos:124.0,Bstd:51.2,StrandBias:10.0,Multiplicity:6.00
0.100	0.700	0.100	0.100
0.700	0.100	0.100	0.100
0.100	0.700	0.100	0.100
0.700	0.100	0.100	0.100
0.100	0.100	0.100	0.700
0.100	0.700	0.100	0.100
0.100	0.700	0.100	0.100
0.100	0.100	0.100	0.700
0.100	0.700	0.100	0.100
0.700	0.100	0.100	0.100
0.100	0.100	0.100	0.700
0.100	0.700	0.100	0.100
>ACCCTCTCCACA	24-ACCCTCTCCACA	12.355432	-2.711234	0	T:1.0(0.06%),B:2.7(0.01%),P:1e-1	Tpos:104.1,Tstd:58.0,Bpos:100.9,Bstd:41.8,StrandBias:10.0,Multiplicity:11.00
0.700	0.100	0.100	0.100
0.100	0.700	0.100	0.100
0.100	0.700	0.100	0.100
0.100	0.700	0.100	0.100
0.100	0.100	0.100	0.700
0.100	0.700	0.100	0.100
0.100	0.100	0.100	0.700
0.100	0.700	0.100	0.100
0.100	0.700	0.100	0.100
0.700	0.100	0.100	0.100
0.100	0.700	0.100	0.100
0.700	0.100	0.100	0.100
>CTCAGTCCTCAT	25-CTCAGTCCTCAT	12.355432	-2.322704	0	T:1.0(0.06%),B:3.8(0.01%),P:1e-1	Tpos:94.6,Tstd:48.6,Bpos:88.7,Bstd:46.1,StrandBias:10.0,Multiplicity:10.00
0.100	0.700	0.100	0.100
0.100	0.100	0.100	0.700
0.100	0.700	0.100	0.100
0.700	0.100	0.100	0.100
0.100	0.100	0.700	0.100
0.100	0.100	0.100	0.700
0.100	0.700	0.100	0.100
0.100	0.700	0.100	0.100
0.100	0.100	0.100	0.700
0.100	0.700	0.100	0.100
0.700	0.100	0.100	0.100
0.100	0.100	0.100	0.700
>TGACTCAT	1-TGACTCAT	6.078881	-168.362631	0	T:221.0(13.58%),B:1471.2(3.11%),P:1e-73	Tpos:100.9,Tstd:47.1,Bpos:97.3,Bstd:66.5,StrandBias:-0.0,Multiplicity:1.20
0.001	0.001	0.001	0.997
0.010	0.001	0.983	0.006
0.997	0.001	0.001	0.001
0.001	0.782	0.216	0.001
0.001	0.001	0.006	0.992
0.031	0.967	0.001	0.001
0.997	0.001	0.001	0.001
0.033	0.260	0.118	0.589
>CGCCCYCT	2-CGCCCYCT	8.707696	-67.675264	0	T:144.0(8.85%),B:1403.7(2.97%),P:1e-29	Tpos:99.1,Tstd:48.5,Bpos:95.9,Bstd:54.7,StrandBias:-0.1,Multiplicity:1.04
0.001	0.997	0.001	0.001
0.001	0.001	0.997	0.001
0.001	0.997	0.001	0.001
0.001	0.997	0.001	0.001
0.176	0.822	0.001	0.001
0.001	0.534	0.001	0.464
0.001	0.997	0.001	0.001
0.001	0.001	0.001	0.997
>CRCTTCCT	3-CRCTTCCT	8.047983	-45.289005	0	T:269.0(16.53%),B:4385.8(9.27%),P:1e-19	Tpos:101.2,Tstd:53.1,Bpos:99.7,Bstd:60.1,StrandBias:-0.1,Multiplicity:1.17
0.133	0.725	0.141	0.001
0.464	0.001	0.534	0.001
0.001	0.785	0.001	0.213
0.001	0.001	0.001	0.997
0.001	0.001	0.001	0.997
0.001	0.997	0.001	0.001
0.001	0.997	0.001	0.001
0.001	0.001	0.001	0.997
>AATGGAAT	4-AATGGAAT	11.018029	-27.644642	0	T:35.0(2.15%),B:230.1(0.49%),P:1e-12	Tpos:100.5,Tstd:54.6,Bpos:91.9,Bstd:58.9,StrandBias:1.2,Multiplicity:11.11
0.997	0.001	0.001	0.001
0.997	0.001	0.001	0.001
0.001	0.001	0.001	0.997
0.001	0.048	0.950	0.001
0.001	0.001	0.997	0.001
0.997	0.001	0.001	0.001
0.997	0.001	0.001	0.001
0.001	0.001	0.001	0.997
>CAHCTAGT	5-CAHCTAGT	9.167376	-24.837955	0	T:42.0(2.58%),B:355.2(0.75%),P:1e-10	Tpos:93.6,Tstd:52.9,Bpos:102.4,Bstd:59.0,StrandBias:-0.9,Multiplicity:1.13
0.393	0.605	0.001	0.001
0.997	0.001	0.001	0.001
0.393	0.360	0.001	0.246
0.001	0.997	0.001	0.001
0.001	0.001	0.001	0.997
0.997	0.001	0.001	0.001
0.001	0.001	0.997	0.001
0.001	0.001	0.001	0.997
>GGAGGGAG	6-GGAGGGAG	5.662155	-23.770474	0	T:445.0(27.35%),B:9748.5(20.60%),P:1e-10	Tpos:98.4,Tstd:56.0,Bpos:101.1,Bstd:61.3,StrandBias:-0.1,Multiplicity:1.34
0.252	0.001	0.746	0.001
0.001	0.312	0.686	0.001
0.997	0.001	0.001	0.001
0.001	0.001	0.997	0.001
0.001	0.001	0.997	0.001
0.001	0.026	0.972	0.001
0.664	0.334	0.001	0.001
0.001	0.001	0.997	0.001
>TGCTATTG	7-TGCTATTG	7.819841	-20.727944	0	T:67.0(4.12%),B:850.8(1.80%),P:1e-9	Tpos:102.0,Tstd:50.3,Bpos:99.3,Bstd:62.3,StrandBias:0.6,Multiplicity:1.09
0.001	0.001	0.001	0.997
0.001	0.108	0.890	0.001
0.001	0.997	0.001	0.001
0.001	0.001	0.070	0.928
0.997	0.001	0.001	0.001
0.001	0.001	0.092	0.906
0.001	0.001	0.221	0.777
0.001	0.001	0.874	0.124
>AATGGAAT	8-AATGGAAT	7.537246	-19.736020	0	T:67.0(4.12%),B:872.7(1.84%),P:1e-8	Tpos:98.1,Tstd:55.7,Bpos:100.2,Bstd:60.0,StrandBias:1.3,Multiplicity:1.52
0.911	0.001	0.044	0.044
0.804	0.001	0.114	0.081
0.115	0.009	0.001	0.875
0.163	0.064	0.722	0.051
0.112	0.060	0.707	0.121
0.978	0.001	0.001	0.020
0.689	0.259	0.002	0.050
0.192	0.001	0.048	0.759
>AGTGTATT	9-AGTGTATT	7.267037	-19.522300	0	T:72.0(4.43%),B:974.5(2.06%),P:1e-8	Tpos:92.2,Tstd:59.1,Bpos:101.9,Bstd:65.1,StrandBias:-0.1,Multiplicity:1.11
0.957	0.006	0.001	0.036
0.001	0.089	0.909	0.001
0.035	0.008	0.023	0.934
0.001	0.060	0.938	0.001
0.001	0.029	0.119	0.851
0.779	0.174	0.046	0.001
0.025	0.078	0.013	0.884
0.210	0.001	0.024	0.765
>TACTAACA	10-TACTAACA	7.499623	-18.434527	0	T:40.0(2.46%),B:409.2(0.86%),P:1e-8	Tpos:88.5,Tstd:52.2,Bpos:103.7,Bstd:58.0,StrandBias:0.6,Multiplicity:1.39
0.001	0.001	0.035	0.963
0.787	0.023	0.039	0.151
0.030	0.910	0.026	0.034
0.032	0.001	0.001	0.966
0.983	0.001	0.015	0.001
0.850	0.117	0.032	0.001
0.017	0.913	0.069	0.001
0.718	0.128	0.001	0.153
>GCGTGTCA	11-GCGTGTCA	7.283912	-18.238566	0	T:98.0(6.02%),B:1545.2(3.27%),P:1e-7	Tpos:101.8,Tstd:49.9,Bpos:96.4,Bstd:65.7,StrandBias:-0.7,Multiplicity:1.10
0.001	0.001	0.997	0.001
0.031	0.579	0.265	0.125
0.001	0.112	0.886	0.001
0.022	0.001	0.033	0.944
0.011	0.001	0.987	0.001
0.094	0.001	0.041	0.864
0.061	0.874	0.001	0.064
0.885	0.047	0.041	0.027
>CTTGCAAG	12-CTTGCAAG	9.831448	-17.661709	0	T:24.0(1.48%),B:174.8(0.37%),P:1e-7	Tpos:87.3,Tstd:44.1,Bpos:99.8,Bstd:56.5,StrandBias:-0.3,Multiplicity:1.00
0.001	0.997	0.001	0.001
0.001	0.001	0.290	0.708
0.001	0.001	0.001	0.997
0.001	0.001	0.997	0.001
0.001	0.997	0.001	0.001
0.997	0.001	0.001	0.001
0.997	0.001	0.001	0.001
0.001	0.001	0.997	0.001
>GGTGGAGC	13-GGTGGAGC	7.498732	-17.042124	0	T:109.0(6.70%),B:1826.3(3.86%),P:1e-7	Tpos:86.8,Tstd:50.7,Bpos:98.7,Bstd:60.9,StrandBias:-0.3,Multiplicity:1.32
0.001	0.001	0.997	0.001
0.001	0.001	0.997	0.001
0.001	0.001	0.001	0.997
0.001	0.052	0.946	0.001
0.001	0.001	0.997	0.001
0.901	0.097	0.001	0.001
0.001	0.001	0.997	0.001
0.001	0.597	0.001	0.401
>GGCCGGGC	14-GGCCGGGC	7.086443	-16.379073	0	T:353.0(21.70%),B:7878.3(16.65%),P:1e-7	Tpos:103.9,Tstd:53.9,Bpos:97.9,Bstd:57.5,StrandBias:0.0,Multiplicity:1.35
0.001	0.001	0.928	0.070
0.001	0.053	0.945	0.001
0.038	0.868	0.093	0.001
0.079	0.656	0.095	0.170
0.001	0.029	0.919	0.051
0.001	0.026	0.972	0.001
0.001	0.106	0.848	0.045
0.001	0.860	0.138	0.001
>CGWCACTC	15-CGWCACTC	7.012905	-15.354393	0	T:39.0(2.40%),B:443.9(0.94%),P:1e-6	Tpos:108.4,Tstd:55.5,Bpos:97.9,Bstd:63.2,StrandBias:0.5,Multiplicity:1.31
0.001	0.997	0.001	0.001
0.001	0.001	0.997	0.001
0.475	0.001	0.001	0.523
0.001	0.997	0.001	0.001
0.997	0.001	0.001	0.001
0.001	0.997	0.001	0.001
0.001	0.001	0.001	0.997
0.376	0.590	0.033	0.001
>KATCTGTA	16-KATCTGTA	7.404552	-12.479441	0	T:46.0(2.83%),B:636.4(1.34%),P:1e-5	Tpos:94.9,Tstd:57.4,Bpos:99.8,Bstd:62.9,StrandBias:-0.2,Multiplicity:1.20
0.001	0.062	0.482	0.456
0.927	0.001	0.001	0.071
0.033	0.208	0.001	0.758
0.120	0.878	0.001	0.001
0.001	0.215	0.001	0.783
0.128	0.034	0.767	0.071
0.001	0.079	0.094	0.826
0.663	0.001	0.166	0.170
>TACTCATT	17-TACTCATT	5.497465	-8.745863	0	T:94.0(5.78%),B:1850.8(3.91%),P:1e-3	Tpos:96.6,Tstd:56.4,Bpos:101.7,Bstd:64.1,StrandBias:0.4,Multiplicity:1.33
0.001	0.001	0.001	0.997
0.615	0.368	0.016	0.001
0.001	0.997	0.001	0.001
0.001	0.001	0.001	0.997
0.001	0.997	0.001	0.001
0.997	0.001	0.001	0.001
0.001	0.001	0.001	0.997
0.237	0.042	0.001	0.720
>ATCYGACA	18-ATCYGACA	5.985881	-8.703207	0	T:33.0(2.03%),B:475.0(1.00%),P:1e-3	Tpos:90.6,Tstd:51.2,Bpos:101.3,Bstd:63.2,StrandBias:1.5,Multiplicity:1.48
0.997	0.001	0.001	0.001
0.001	0.001	0.001	0.997
0.001	0.997	0.001	0.001
0.001	0.547	0.001	0.451
0.001	0.001	0.997	0.001
0.997	0.001	0.001	0.001
0.001	0.954	0.001	0.044
0.742	0.001	0.256	0.001
>ACCTAATC	19-ACCTAATC	7.577264	-7.215195	0	T:37.0(2.27%),B:603.3(1.27%),P:1e-3	Tpos:95.9,Tstd:52.1,Bpos:100.7,Bstd:62.5,StrandBias:1.0,Multiplicity:1.25
0.535	0.001	0.374	0.090
0.001	0.778	0.195	0.026
0.356	0.642	0.001	0.001
0.132	0.001	0.062	0.805
0.543	0.001	0.132	0.324
0.883	0.001	0.001	0.115
0.001	0.122	0.001	0.876
0.001	0.997	0.001	0.001
>ACTCGCGT	20-ACTCGCGT	9.117394	-4.991000	0	T:8.0(0.49%),B:79.1(0.17%),P:1e-2	Tpos:99.9,Tstd:60.0,Bpos:107.7,Bstd:57.8,StrandBias:2.6,Multiplicity:1.75
0.997	0.001	0.001	0.001
0.001	0.997	0.001	0.001
0.001	0.001	0.001	0.997
0.001	0.997	0.001	0.001
0.001	0.001	0.997	0.001
0.001	0.997	0.001	0.001
0.142	0.001	0.856	0.001
0.001	0.001	0.001	0.997
>AAGGTATA	21-AAGGTATA	8.981849	-4.785075	0	T:10.0(0.61%),B:117.2(0.25%),P:1e-2	Tpos:107.4,Tstd:61.4,Bpos:106.7,Bstd:59.3,StrandBias:-0.7,Multiplicity:1.60
0.997	0.001	0.001	0.001
0.874	0.001	0.001	0.124
0.001	0.001	0.997	0.001
0.001	0.001	0.997	0.001
0.001	0.001	0.001	0.997
0.997	0.001	0.001	0.001
0.001	0.001	0.001	0.997
0.997	0.001	0.001	0.001
>SBTACTAC	22-SBTACTAC	8.272388	-4.671692	0	T:14.0(0.86%),B:196.9(0.42%),P:1e-2	Tpos:99.2,Tstd:57.4,Bpos:96.3,Bstd:61.7,StrandBias:-0.2,Multiplicity:2.00
0.123	0.329	0.431	0.117
0.028	0.337	0.269	0.366
0.001	0.001	0.001	0.997
0.826	0.144	0.001	0.029
0.092	0.906	0.001	0.001
0.117	0.123	0.028	0.732
0.956	0.001	0.001	0.042
0.048	0.950	0.001	0.001
>GTTATGGT	23-GTTATGGT	7.115830	-3.586300	0	T:123.0(7.56%),B:3004.6(6.35%),P:1e-1	Tpos:96.9,Tstd:55.6,Bpos:100.4,Bstd:64.4,StrandBias:0.1,Multiplicity:1.87
0.001	0.067	0.931	0.001
0.001	0.001	0.044	0.954
0.001	0.145	0.310	0.544
0.853	0.001	0.145	0.001
0.001	0.001	0.330	0.668
0.001	0.044	0.954	0.001
0.001	0.001	0.997	0.001
0.001	0.001	0.001	0.997
>ATATATAT	24-ATATATAT	4.161567	-3.324134	0	T:18.0(1.11%),B:326.0(0.69%),P:1e-1	Tpos:94.9,Tstd:58.4,Bpos:92.5,Bstd:63.2,StrandBias:-0.1,Multiplicity:2.28
0.997	0.001	0.001	0.001
0.001	0.001	0.001	0.997
0.737	0.001	0.261	0.001
0.001	0.001	0.001	0.997
0.997	0.001	0.001	0.001
0.001	0.001	0.001	0.997
0.997	0.001	0.001	0.001
0.001	0.001	0.001	0.997
>ACCCHCAC	25-ACCCHCAC	8.354365	-1.285652	0	T:48.0(2.95%),B:1272.7(2.69%),P:1e0	Tpos:94.0,Tstd:57.6,Bpos:99.8,Bstd:65.0,StrandBias:0.9,Multiplicity:2.08
0.933	0.001	0.001	0.065
0.029	0.911	0.001	0.059
0.230	0.622	0.001	0.147
0.307	0.644	0.048	0.001
0.294	0.274	0.049	0.383
0.154	0.789	0.001	0.056
0.830	0.108	0.061	0.001
0.009	0.989	0.001	0.001
