>TGACTCAT	1-TGACTCAT	6.078881	-168.362631	0	T:221.0(13.58%),B:1471.2(3.11%),P:1e-73	Tpos:100.9,Tstd:47.1,Bpos:97.3,Bstd:66.5,StrandBias:-0.0,Multiplicity:1.20
0.001	0.001	0.001	0.997
0.010	0.001	0.983	0.006
0.997	0.001	0.001	0.001
0.001	0.782	0.216	0.001
0.001	0.001	0.006	0.992
0.031	0.967	0.001	0.001
0.997	0.001	0.001	0.001
0.033	0.260	0.118	0.589
>CGCCCYCT	2-CGCCCYCT	8.707696	-67.675264	0	T:144.0(8.85%),B:1403.7(2.97%),P:1e-29	Tpos:99.1,Tstd:48.5,Bpos:95.9,Bstd:54.7,StrandBias:-0.1,Multiplicity:1.04
0.001	0.997	0.001	0.001
0.001	0.001	0.997	0.001
0.001	0.997	0.001	0.001
0.001	0.997	0.001	0.001
0.176	0.822	0.001	0.001
0.001	0.534	0.001	0.464
0.001	0.997	0.001	0.001
0.001	0.001	0.001	0.997
>CRCTTCCT	3-CRCTTCCT	8.047983	-45.289005	0	T:269.0(16.53%),B:4385.8(9.27%),P:1e-19	Tpos:101.2,Tstd:53.1,Bpos:99.7,Bstd:60.1,StrandBias:-0.1,Multiplicity:1.17
0.133	0.725	0.141	0.001
0.464	0.001	0.534	0.001
0.001	0.785	0.001	0.213
0.001	0.001	0.001	0.997
0.001	0.001	0.001	0.997
0.001	0.997	0.001	0.001
0.001	0.997	0.001	0.001
0.001	0.001	0.001	0.997
>AATGGAAT	4-AATGGAAT	11.018029	-27.644642	0	T:35.0(2.15%),B:230.1(0.49%),P:1e-12	Tpos:100.5,Tstd:54.6,Bpos:91.9,Bstd:58.9,StrandBias:1.2,Multiplicity:11.11
0.997	0.001	0.001	0.001
0.997	0.001	0.001	0.001
0.001	0.001	0.001	0.997
0.001	0.048	0.950	0.001
0.001	0.001	0.997	0.001
0.997	0.001	0.001	0.001
0.997	0.001	0.001	0.001
0.001	0.001	0.001	0.997
>CAHCTAGT	5-CAHCTAGT	9.167376	-24.837955	0	T:42.0(2.58%),B:355.2(0.75%),P:1e-10	Tpos:93.6,Tstd:52.9,Bpos:102.4,Bstd:59.0,StrandBias:-0.9,Multiplicity:1.13
0.393	0.605	0.001	0.001
0.997	0.001	0.001	0.001
0.393	0.360	0.001	0.246
0.001	0.997	0.001	0.001
0.001	0.001	0.001	0.997
0.997	0.001	0.001	0.001
0.001	0.001	0.997	0.001
0.001	0.001	0.001	0.997
>GGAGGGAG	6-GGAGGGAG	5.662155	-23.770474	0	T:445.0(27.35%),B:9748.5(20.60%),P:1e-10	Tpos:98.4,Tstd:56.0,Bpos:101.1,Bstd:61.3,StrandBias:-0.1,Multiplicity:1.34
0.252	0.001	0.746	0.001
0.001	0.312	0.686	0.001
0.997	0.001	0.001	0.001
0.001	0.001	0.997	0.001
0.001	0.001	0.997	0.001
0.001	0.026	0.972	0.001
0.664	0.334	0.001	0.001
0.001	0.001	0.997	0.001
>TGCTATTG	7-TGCTATTG	7.819841	-20.727944	0	T:67.0(4.12%),B:850.8(1.80%),P:1e-9	Tpos:102.0,Tstd:50.3,Bpos:99.3,Bstd:62.3,StrandBias:0.6,Multiplicity:1.09
0.001	0.001	0.001	0.997
0.001	0.108	0.890	0.001
0.001	0.997	0.001	0.001
0.001	0.001	0.070	0.928
0.997	0.001	0.001	0.001
0.001	0.001	0.092	0.906
0.001	0.001	0.221	0.777
0.001	0.001	0.874	0.124
>AATGGAAT	8-AATGGAAT	7.537246	-19.736020	0	T:67.0(4.12%),B:872.7(1.84%),P:1e-8	Tpos:98.1,Tstd:55.7,Bpos:100.2,Bstd:60.0,StrandBias:1.3,Multiplicity:1.52
0.911	0.001	0.044	0.044
0.804	0.001	0.114	0.081
0.115	0.009	0.001	0.875
0.163	0.064	0.722	0.051
0.112	0.060	0.707	0.121
0.978	0.001	0.001	0.020
0.689	0.259	0.002	0.050
0.192	0.001	0.048	0.759
>AGTGTATT	9-AGTGTATT	7.267037	-19.522300	0	T:72.0(4.43%),B:974.5(2.06%),P:1e-8	Tpos:92.2,Tstd:59.1,Bpos:101.9,Bstd:65.1,StrandBias:-0.1,Multiplicity:1.11
0.957	0.006	0.001	0.036
0.001	0.089	0.909	0.001
0.035	0.008	0.023	0.934
0.001	0.060	0.938	0.001
0.001	0.029	0.119	0.851
0.779	0.174	0.046	0.001
0.025	0.078	0.013	0.884
0.210	0.001	0.024	0.765
>TACTAACA	10-TACTAACA	7.499623	-18.434527	0	T:40.0(2.46%),B:409.2(0.86%),P:1e-8	Tpos:88.5,Tstd:52.2,Bpos:103.7,Bstd:58.0,StrandBias:0.6,Multiplicity:1.39
0.001	0.001	0.035	0.963
0.787	0.023	0.039	0.151
0.030	0.910	0.026	0.034
0.032	0.001	0.001	0.966
0.983	0.001	0.015	0.001
0.850	0.117	0.032	0.001
0.017	0.913	0.069	0.001
0.718	0.128	0.001	0.153
>GCGTGTCA	11-GCGTGTCA	7.283912	-18.238566	0	T:98.0(6.02%),B:1545.2(3.27%),P:1e-7	Tpos:101.8,Tstd:49.9,Bpos:96.4,Bstd:65.7,StrandBias:-0.7,Multiplicity:1.10
0.001	0.001	0.997	0.001
0.031	0.579	0.265	0.125
0.001	0.112	0.886	0.001
0.022	0.001	0.033	0.944
0.011	0.001	0.987	0.001
0.094	0.001	0.041	0.864
0.061	0.874	0.001	0.064
0.885	0.047	0.041	0.027
>CTTGCAAG	12-CTTGCAAG	9.831448	-17.661709	0	T:24.0(1.48%),B:174.8(0.37%),P:1e-7	Tpos:87.3,Tstd:44.1,Bpos:99.8,Bstd:56.5,StrandBias:-0.3,Multiplicity:1.00
0.001	0.997	0.001	0.001
0.001	0.001	0.290	0.708
0.001	0.001	0.001	0.997
0.001	0.001	0.997	0.001
0.001	0.997	0.001	0.001
0.997	0.001	0.001	0.001
0.997	0.001	0.001	0.001
0.001	0.001	0.997	0.001
>GGTGGAGC	13-GGTGGAGC	7.498732	-17.042124	0	T:109.0(6.70%),B:1826.3(3.86%),P:1e-7	Tpos:86.8,Tstd:50.7,Bpos:98.7,Bstd:60.9,StrandBias:-0.3,Multiplicity:1.32
0.001	0.001	0.997	0.001
0.001	0.001	0.997	0.001
0.001	0.001	0.001	0.997
0.001	0.052	0.946	0.001
0.001	0.001	0.997	0.001
0.901	0.097	0.001	0.001
0.001	0.001	0.997	0.001
0.001	0.597	0.001	0.401
>GGCCGGGC	14-GGCCGGGC	7.086443	-16.379073	0	T:353.0(21.70%),B:7878.3(16.65%),P:1e-7	Tpos:103.9,Tstd:53.9,Bpos:97.9,Bstd:57.5,StrandBias:0.0,Multiplicity:1.35
0.001	0.001	0.928	0.070
0.001	0.053	0.945	0.001
0.038	0.868	0.093	0.001
0.079	0.656	0.095	0.170
0.001	0.029	0.919	0.051
0.001	0.026	0.972	0.001
0.001	0.106	0.848	0.045
0.001	0.860	0.138	0.001
>CGWCACTC	15-CGWCACTC	7.012905	-15.354393	0	T:39.0(2.40%),B:443.9(0.94%),P:1e-6	Tpos:108.4,Tstd:55.5,Bpos:97.9,Bstd:63.2,StrandBias:0.5,Multiplicity:1.31
0.001	0.997	0.001	0.001
0.001	0.001	0.997	0.001
0.475	0.001	0.001	0.523
0.001	0.997	0.001	0.001
0.997	0.001	0.001	0.001
0.001	0.997	0.001	0.001
0.001	0.001	0.001	0.997
0.376	0.590	0.033	0.001
>KATCTGTA	16-KATCTGTA	7.404552	-12.479441	0	T:46.0(2.83%),B:636.4(1.34%),P:1e-5	Tpos:94.9,Tstd:57.4,Bpos:99.8,Bstd:62.9,StrandBias:-0.2,Multiplicity:1.20
0.001	0.062	0.482	0.456
0.927	0.001	0.001	0.071
0.033	0.208	0.001	0.758
0.120	0.878	0.001	0.001
0.001	0.215	0.001	0.783
0.128	0.034	0.767	0.071
0.001	0.079	0.094	0.826
0.663	0.001	0.166	0.170
>TACTCATT	17-TACTCATT	5.497465	-8.745863	0	T:94.0(5.78%),B:1850.8(3.91%),P:1e-3	Tpos:96.6,Tstd:56.4,Bpos:101.7,Bstd:64.1,StrandBias:0.4,Multiplicity:1.33
0.001	0.001	0.001	0.997
0.615	0.368	0.016	0.001
0.001	0.997	0.001	0.001
0.001	0.001	0.001	0.997
0.001	0.997	0.001	0.001
0.997	0.001	0.001	0.001
0.001	0.001	0.001	0.997
0.237	0.042	0.001	0.720
>ATCYGACA	18-ATCYGACA	5.985881	-8.703207	0	T:33.0(2.03%),B:475.0(1.00%),P:1e-3	Tpos:90.6,Tstd:51.2,Bpos:101.3,Bstd:63.2,StrandBias:1.5,Multiplicity:1.48
0.997	0.001	0.001	0.001
0.001	0.001	0.001	0.997
0.001	0.997	0.001	0.001
0.001	0.547	0.001	0.451
0.001	0.001	0.997	0.001
0.997	0.001	0.001	0.001
0.001	0.954	0.001	0.044
0.742	0.001	0.256	0.001
>ACCTAATC	19-ACCTAATC	7.577264	-7.215195	0	T:37.0(2.27%),B:603.3(1.27%),P:1e-3	Tpos:95.9,Tstd:52.1,Bpos:100.7,Bstd:62.5,StrandBias:1.0,Multiplicity:1.25
0.535	0.001	0.374	0.090
0.001	0.778	0.195	0.026
0.356	0.642	0.001	0.001
0.132	0.001	0.062	0.805
0.543	0.001	0.132	0.324
0.883	0.001	0.001	0.115
0.001	0.122	0.001	0.876
0.001	0.997	0.001	0.001
>ACTCGCGT	20-ACTCGCGT	9.117394	-4.991000	0	T:8.0(0.49%),B:79.1(0.17%),P:1e-2	Tpos:99.9,Tstd:60.0,Bpos:107.7,Bstd:57.8,StrandBias:2.6,Multiplicity:1.75
0.997	0.001	0.001	0.001
0.001	0.997	0.001	0.001
0.001	0.001	0.001	0.997
0.001	0.997	0.001	0.001
0.001	0.001	0.997	0.001
0.001	0.997	0.001	0.001
0.142	0.001	0.856	0.001
0.001	0.001	0.001	0.997
>AAGGTATA	21-AAGGTATA	8.981849	-4.785075	0	T:10.0(0.61%),B:117.2(0.25%),P:1e-2	Tpos:107.4,Tstd:61.4,Bpos:106.7,Bstd:59.3,StrandBias:-0.7,Multiplicity:1.60
0.997	0.001	0.001	0.001
0.874	0.001	0.001	0.124
0.001	0.001	0.997	0.001
0.001	0.001	0.997	0.001
0.001	0.001	0.001	0.997
0.997	0.001	0.001	0.001
0.001	0.001	0.001	0.997
0.997	0.001	0.001	0.001
>SBTACTAC	22-SBTACTAC	8.272388	-4.671692	0	T:14.0(0.86%),B:196.9(0.42%),P:1e-2	Tpos:99.2,Tstd:57.4,Bpos:96.3,Bstd:61.7,StrandBias:-0.2,Multiplicity:2.00
0.123	0.329	0.431	0.117
0.028	0.337	0.269	0.366
0.001	0.001	0.001	0.997
0.826	0.144	0.001	0.029
0.092	0.906	0.001	0.001
0.117	0.123	0.028	0.732
0.956	0.001	0.001	0.042
0.048	0.950	0.001	0.001
>GTTATGGT	23-GTTATGGT	7.115830	-3.586300	0	T:123.0(7.56%),B:3004.6(6.35%),P:1e-1	Tpos:96.9,Tstd:55.6,Bpos:100.4,Bstd:64.4,StrandBias:0.1,Multiplicity:1.87
0.001	0.067	0.931	0.001
0.001	0.001	0.044	0.954
0.001	0.145	0.310	0.544
0.853	0.001	0.145	0.001
0.001	0.001	0.330	0.668
0.001	0.044	0.954	0.001
0.001	0.001	0.997	0.001
0.001	0.001	0.001	0.997
>ATATATAT	24-ATATATAT	4.161567	-3.324134	0	T:18.0(1.11%),B:326.0(0.69%),P:1e-1	Tpos:94.9,Tstd:58.4,Bpos:92.5,Bstd:63.2,StrandBias:-0.1,Multiplicity:2.28
0.997	0.001	0.001	0.001
0.001	0.001	0.001	0.997
0.737	0.001	0.261	0.001
0.001	0.001	0.001	0.997
0.997	0.001	0.001	0.001
0.001	0.001	0.001	0.997
0.997	0.001	0.001	0.001
0.001	0.001	0.001	0.997
>ACCCHCAC	25-ACCCHCAC	8.354365	-1.285652	0	T:48.0(2.95%),B:1272.7(2.69%),P:1e0	Tpos:94.0,Tstd:57.6,Bpos:99.8,Bstd:65.0,StrandBias:0.9,Multiplicity:2.08
0.933	0.001	0.001	0.065
0.029	0.911	0.001	0.059
0.230	0.622	0.001	0.147
0.307	0.644	0.048	0.001
0.294	0.274	0.049	0.383
0.154	0.789	0.001	0.056
0.830	0.108	0.061	0.001
0.009	0.989	0.001	0.001
