<!DOCTYPE HTML>
<html>
  <head>
    <meta charset="UTF-8">
    <title>Tomtom Results</title>
    <script>
      // @JSON_VAR data
      var data = {
        "program": "Tomtom",
        "version": "5.5.5",
        "release": "Thu Sep 14 08:48:04 2023 +1000",
        "cmd": [
          "tomtom", "-verbosity", "1", "-oc", "streme_tomtom_out",
          "-min-overlap", "5", "-dist", "pearson", "-evalue", "-thresh", "1",
          "-no-ssc", "streme_out/streme.xml",
          "db/motif_databases/MOUSE/uniprobe_mouse.meme",
          "db/motif_databases/JASPAR/JASPAR2022_CORE_non-redundant_v2.meme"
        ],
        "options": {
          "strands": "both",
          "distance_measure": "pearson",
          "threshold_type": "evalue",
          "threshold_value": 1,
          "background_source": "--query--"
        },
        "alphabet": {
          "name": "DNA",
          "like": "dna",
          "ncore": 4,
          "symbols": [
            {
              "symbol": "A",
              "name": "Adenine",
              "colour": "CC0000",
              "complement": "T"
            }, {
              "symbol": "C",
              "name": "Cytosine",
              "colour": "0000CC",
              "complement": "G"
            }, {
              "symbol": "G",
              "name": "Guanine",
              "colour": "FFB300",
              "complement": "C"
            }, {
              "symbol": "T",
              "aliases": "U",
              "name": "Thymine",
              "colour": "008000",
              "complement": "A"
            }, {
              "symbol": "N",
              "aliases": "X.",
              "name": "Any base",
              "equals": "ACGT"
            }, {
              "symbol": "V",
              "name": "Not T",
              "equals": "ACG"
            }, {
              "symbol": "H",
              "name": "Not G",
              "equals": "ACT"
            }, {
              "symbol": "D",
              "name": "Not C",
              "equals": "AGT"
            }, {
              "symbol": "B",
              "name": "Not A",
              "equals": "CGT"
            }, {
              "symbol": "M",
              "name": "Amino",
              "equals": "AC"
            }, {
              "symbol": "R",
              "name": "Purine",
              "equals": "AG"
            }, {
              "symbol": "W",
              "name": "Weak",
              "equals": "AT"
            }, {
              "symbol": "S",
              "name": "Strong",
              "equals": "CG"
            }, {
              "symbol": "Y",
              "name": "Pyrimidine",
              "equals": "CT"
            }, {
              "symbol": "K",
              "name": "Keto",
              "equals": "GT"
            }
          ]
        },
        "background": [0.25, 0.25, 0.25, 0.25],
        "query_dbs": [
          {
            "source": "streme_out/streme.xml",
            "name": "streme.xml",
            "loaded": 14,
            "excluded": 0,
            "last_modified": "Sat Mar  9 13:12:29 2024"
          }
        ],
        "target_dbs": [
          {
            "source": "db/motif_databases/MOUSE/uniprobe_mouse.meme",
            "name": "uniprobe_mouse",
            "loaded": 386,
            "excluded": 0,
            "last_modified": "Tue Jan  9 16:02:18 2024"
          }, {
            "source": "db/motif_databases/JASPAR/JASPAR2022_CORE_non-redundant_v2.meme",
            "name": "JASPAR2022_CORE_non-redundant_v2",
            "loaded": 1956,
            "excluded": 0,
            "last_modified": "Tue Jan  9 16:00:00 2024"
          }
        ],
        "queries": [
          {
            "db": 0,
            "id": "1-AAACCACAGM",
            "alt": "STREME-1",
            "len": 10,
            "nsites": 959,
            "evalue": "1.7e-013",
            "pwm": [
              [0.557814, 0.138688, 0.0359874, 0.267512], 
              [0.781007, 0.0094212, 0.170505, 0.0390668], 
              [0.927416, 0.0314144, 0.039648, 0.00152161], 
              [0.000365159, 0.999478, 8.52079e-05, 7.1526e-05], 
              [7.1526e-05, 0.992522, 8.52079e-05, 0.00732197], 
              [0.826952, 0.0117986, 0.128229, 0.0330209], 
              [0.0189266, 0.968568, 0.00397911, 0.00852578], 
              [0.900507, 0.0235297, 0.0227201, 0.053243], 
              [0.252361, 0.0387899, 0.565559, 0.14329], 
              [0.279541, 0.408679, 0.190879, 0.1209]
            ]
          }, {
            "db": 0,
            "id": "10-ACCRCAR",
            "alt": "STREME-10",
            "len": 7,
            "nsites": 382,
            "evalue": "2.1e-002",
            "pwm": [
              [0.914266, 0.000618402, 0.0846248, 0.000490477], 
              [0.000490477, 0.998401, 0.000618402, 0.000490477], 
              [0.000490477, 0.959323, 0.0396959, 0.000490477], 
              [0.403714, 0.000618402, 0.595178, 0.000490477], 
              [0.000490477, 0.941152, 0.0578667, 0.000490477], 
              [0.971447, 0.000618402, 0.0274441, 0.000490477], 
              [0.461184, 0.000618402, 0.509788, 0.02841]
            ]
          }, {
            "db": 0,
            "id": "11-CCTCCC",
            "alt": "STREME-11",
            "len": 6,
            "nsites": 566,
            "evalue": "2.4e-002",
            "pwm": [
              [0.0197952, 0.93467, 0.0257396, 0.0197952], 
              [0.0197952, 0.93467, 0.0257396, 0.0197952], 
              [0.0197952, 0.0257396, 0.0257396, 0.928725], 
              [0.0197952, 0.93467, 0.0257396, 0.0197952], 
              [0.0197952, 0.93467, 0.0257396, 0.0197952], 
              [0.0197952, 0.93467, 0.0257396, 0.0197952]
            ]
          }, {
            "db": 0,
            "id": "12-AGGAAGTG",
            "alt": "STREME-12",
            "len": 8,
            "nsites": 115,
            "evalue": "8.7e-002",
            "pwm": [
              [0.764825, 0.10297, 0.131349, 0.000855885], 
              [0.00547264, 0.0417937, 0.93749, 0.0152434], 
              [0.000855885, 0.00524663, 0.972669, 0.0212287], 
              [0.915495, 0.00104811, 0.00104811, 0.082408], 
              [0.79285, 0.0556149, 0.00104811, 0.150487], 
              [0.083579, 0.0444096, 0.871041, 0.000970288], 
              [0.000855885, 0.00950166, 0.00104811, 0.988595], 
              [0.0212287, 0.0149486, 0.913747, 0.0500763]
            ]
          }, {
            "db": 0,
            "id": "13-CAGCAGAGGGCGC",
            "alt": "STREME-13",
            "len": 13,
            "nsites": 40,
            "evalue": "1.2e-001",
            "pwm": [
              [0.00148851, 0.995274, 0.00174886, 0.00148851], 
              [0.581064, 0.0845388, 0.277721, 0.0566765], 
              [0.00148851, 0.250103, 0.746921, 0.00148851], 
              [0.0566765, 0.719327, 0.0569369, 0.16706], 
              [0.939817, 0.0569447, 0.00174886, 0.00148851], 
              [0.00148851, 0.00174886, 0.995274, 0.00148851], 
              [0.691432, 0.00174886, 0.30533, 0.00148851], 
              [0.00148851, 0.00174886, 0.995274, 0.00148851], 
              [0.00148851, 0.00174886, 0.995274, 0.00148851], 
              [0.00148851, 0.00174886, 0.940086, 0.0566765], 
              [0.167076, 0.829687, 0.00174886, 0.00148851], 
              [0.0290825, 0.00174886, 0.96768, 0.00148851], 
              [0.0566765, 0.940086, 0.00174886, 0.00148851]
            ]
          }, {
            "db": 0,
            "id": "14-AGCCGCCGCCGC",
            "alt": "STREME-14",
            "len": 12,
            "nsites": 30,
            "evalue": "5.0e-001",
            "pwm": [
              [0.685754, 0.186743, 0.0762777, 0.0512248], 
              [0.00160808, 0.00184208, 0.994942, 0.00160808], 
              [0.00160808, 0.945339, 0.00184208, 0.0512107], 
              [0.0264129, 0.920534, 0.0266434, 0.0264094], 
              [0.00638291, 0.0266434, 0.965365, 0.00160808], 
              [0.0512107, 0.945339, 0.00184208, 0.00160808], 
              [0.0760261, 0.895719, 0.00184208, 0.0264129], 
              [0.0311842, 0.00184208, 0.965365, 0.00160808], 
              [0.0512107, 0.846134, 0.0266434, 0.076012], 
              [0.0512248, 0.84612, 0.0514447, 0.0512107], 
              [0.0512142, 0.00661692, 0.890958, 0.0512107], 
              [0.0264094, 0.945339, 0.0266434, 0.00160808]
            ]
          }, {
            "db": 0,
            "id": "2-AAAGAGGAAGTG",
            "alt": "STREME-2",
            "len": 12,
            "nsites": 559,
            "evalue": "7.8e-009",
            "pwm": [
              [0.702085, 0.0600001, 0.185922, 0.0519915], 
              [0.838662, 0.0416994, 0.082785, 0.0368537], 
              [0.663375, 0.00212154, 0.124009, 0.210495], 
              [0.179401, 0.14454, 0.661984, 0.0140753], 
              [0.682944, 0.0260674, 0.290882, 0.000107271], 
              [0.0320377, 0.000126099, 0.967729, 0.000107271], 
              [0.000107271, 0.000126099, 0.999659, 0.000107271], 
              [0.999641, 0.000126099, 0.000126099, 0.000107271], 
              [0.978856, 0.00411698, 0.000126099, 0.0169013], 
              [0.0687867, 0.0979188, 0.833187, 0.000107271], 
              [0.0556478, 0.143476, 0.101929, 0.698947], 
              [0.212488, 0.132683, 0.49457, 0.160259]
            ]
          }, {
            "db": 0,
            "id": "3-CCCCGCCCCC",
            "alt": "STREME-3",
            "len": 10,
            "nsites": 238,
            "evalue": "1.3e-005",
            "pwm": [
              [0.0150313, 0.984074, 0.00049218, 0.000402609], 
              [0.0145593, 0.952518, 0.00049218, 0.0324302], 
              [0.0383972, 0.930956, 0.0302443, 0.000402609], 
              [0.0477425, 0.951362, 0.00049218, 0.000402609], 
              [0.0419147, 0.00049218, 0.901501, 0.0560917], 
              [0.00989585, 0.956864, 0.0328373, 0.000402609], 
              [0.000402609, 0.998702, 0.00049218, 0.000402609], 
              [0.000402609, 0.998702, 0.00049218, 0.000402609], 
              [0.180363, 0.784927, 0.00049218, 0.0342169], 
              [0.0331848, 0.705498, 0.0879098, 0.173407]
            ]
          }, {
            "db": 0,
            "id": "4-CAGGAAGY",
            "alt": "STREME-4",
            "len": 8,
            "nsites": 476,
            "evalue": "1.2e-003",
            "pwm": [
              [0.00027408, 0.66251, 0.312846, 0.0243697], 
              [0.895823, 0.103562, 0.000340765, 0.00027408], 
              [0.00027408, 0.000340765, 0.999111, 0.00027408], 
              [0.00027408, 0.000340765, 0.999111, 0.00027408], 
              [0.999045, 0.000340765, 0.000340765, 0.00027408], 
              [0.894905, 0.0393899, 0.000340765, 0.065365], 
              [0.249941, 0.000340765, 0.749444, 0.00027408], 
              [0.00027408, 0.53028, 0.000340765, 0.469106]
            ]
          }, {
            "db": 0,
            "id": "5-RTTDCGHAAY",
            "alt": "STREME-5",
            "len": 10,
            "nsites": 387,
            "evalue": "1.2e-003",
            "pwm": [
              [0.472132, 0.201365, 0.29095, 0.0355537], 
              [0.000178815, 0.0126566, 0.000213195, 0.986952], 
              [0.0127772, 0.000213195, 0.275123, 0.711887], 
              [0.332146, 0.000213195, 0.424742, 0.242899], 
              [0.0733674, 0.574831, 0.134596, 0.217205], 
              [0.217205, 0.134596, 0.574831, 0.0733674], 
              [0.242899, 0.424742, 0.000213195, 0.332146], 
              [0.711887, 0.275123, 0.000213195, 0.0127772], 
              [0.986952, 0.000213195, 0.0126566, 0.000178815], 
              [0.0355537, 0.29095, 0.201365, 0.472132]
            ]
          }, {
            "db": 0,
            "id": "6-ATGACTCASC",
            "alt": "STREME-6",
            "len": 10,
            "nsites": 120,
            "evalue": "1.0e-002",
            "pwm": [
              [0.607216, 0.201311, 0.190939, 0.000533421], 
              [0.000533421, 0.000631313, 0.000631313, 0.998203], 
              [0.000533421, 0.000631313, 0.936047, 0.0627876], 
              [0.998203, 0.000631313, 0.000631313, 0.000533421], 
              [0.0627906, 0.701669, 0.214256, 0.0212853], 
              [0.000533421, 0.000631313, 0.000631313, 0.998203], 
              [0.0420343, 0.931746, 0.000631313, 0.025589], 
              [0.9567, 0.000631313, 0.0421351, 0.000533421], 
              [0.125059, 0.426679, 0.304214, 0.144048], 
              [0.0222487, 0.640635, 0.0421351, 0.294981]
            ]
          }, {
            "db": 0,
            "id": "7-GCGCATGCGCAGY",
            "alt": "STREME-7",
            "len": 13,
            "nsites": 28,
            "evalue": "1.5e-002",
            "pwm": [
              [0.00223932, 0.00264552, 0.992876, 0.00223932], 
              [0.0452904, 0.949825, 0.00264552, 0.00223932], 
              [0.0452904, 0.00264552, 0.949825, 0.00223932], 
              [0.00223932, 0.992876, 0.00264552, 0.00223932], 
              [0.60501, 0.0456967, 0.17485, 0.174444], 
              [0.00223932, 0.0456967, 0.174862, 0.777202], 
              [0.00223932, 0.0456967, 0.949825, 0.00223932], 
              [0.00223932, 0.992876, 0.00264552, 0.00223932], 
              [0.00223932, 0.00264552, 0.949825, 0.0452904], 
              [0.00223932, 0.949825, 0.00264552, 0.0452904], 
              [0.906368, 0.00264552, 0.0887477, 0.00223932], 
              [0.0452904, 0.0887539, 0.648424, 0.217532], 
              [0.0883416, 0.476207, 0.0887477, 0.346704]
            ]
          }, {
            "db": 0,
            "id": "8-CGGCCCCGC",
            "alt": "STREME-8",
            "len": 9,
            "nsites": 37,
            "evalue": "1.9e-002",
            "pwm": [
              [0.00260212, 0.991614, 0.00318246, 0.00260212], 
              [0.00260212, 0.00318246, 0.991614, 0.00260212], 
              [0.199089, 0.00318246, 0.795127, 0.00260212], 
              [0.00260212, 0.991614, 0.00318246, 0.00260212], 
              [0.00260212, 0.991614, 0.00318246, 0.00260212], 
              [0.00260212, 0.991614, 0.00318246, 0.00260212], 
              [0.00260212, 0.991614, 0.00318246, 0.00260212], 
              [0.00260212, 0.00318246, 0.991614, 0.00260212], 
              [0.248739, 0.745476, 0.00318246, 0.00260212]
            ]
          }, {
            "db": 0,
            "id": "9-CTTATCTS",
            "alt": "STREME-9",
            "len": 8,
            "nsites": 168,
            "evalue": "1.9e-002",
            "pwm": [
              [0.000695862, 0.765674, 0.182159, 0.0514709], 
              [0.0352303, 0.225918, 0.000860533, 0.737991], 
              [0.0977964, 0.000860533, 0.000860533, 0.900483], 
              [0.997583, 0.000860533, 0.000860533, 0.000695862], 
              [0.0564483, 0.000860533, 0.000860533, 0.94183], 
              [0.000695862, 0.997748, 0.000860533, 0.000695862], 
              [0.000695862, 0.000860533, 0.0183133, 0.98013], 
              [0.000695862, 0.616552, 0.317517, 0.0652349]
            ]
          }
        ],
        "targets": [
          {
            "db": 0,
            "id": "UP00000_2",
            "alt": "Smad3_secondary",
            "len": 17,
            "nsites": 20,
            "url": "http://thebrain.bwh.harvard.edu/uniprobe/details2.php?id=00000",
            "pwm": [
              [0.151162, 0.132367, 0.245687, 0.470783], 
              [0.316485, 0.287128, 0.151322, 0.245065], 
              [0.256441, 0.408275, 0.110398, 0.224887], 
              [0.210842, 0.22037, 0.344537, 0.224251], 
              [0.167094, 0.507651, 0.0825134, 0.242741], 
              [0.0503493, 0.756846, 0.0892925, 0.103512], 
              [0.048605, 0.782882, 0.122594, 0.0459184], 
              [0.00582687, 0.941476, 0.0357672, 0.0169294], 
              [0.0412955, 0.0516438, 0.887196, 0.0198637], 
              [0.00426667, 0.910397, 0.0235811, 0.0617552], 
              [0.0297731, 0.938037, 0.0134587, 0.0187313], 
              [0.633326, 0.14028, 0.111189, 0.115205], 
              [0.240066, 0.385272, 0.183182, 0.191481], 
              [0.210627, 0.274007, 0.085991, 0.429375], 
              [0.0889234, 0.45358, 0.209193, 0.248303], 
              [0.181611, 0.264953, 0.149525, 0.40391], 
              [0.101811, 0.252669, 0.367952, 0.277568]
            ]
          }, {
            "db": 0,
            "id": "UP00002_1",
            "alt": "Sp4_primary",
            "len": 17,
            "nsites": 20,
            "url": "http://thebrain.bwh.harvard.edu/uniprobe/details2.php?id=00002",
            "pwm": [
              [0.155857, 0.223512, 0.373835, 0.246796], 
              [0.24712, 0.160032, 0.344638, 0.24821], 
              [0.238944, 0.258312, 0.165725, 0.337019], 
              [0.255584, 0.488394, 0.052608, 0.203415], 
              [0.449104, 0.543913, 0.00230945, 0.00467363], 
              [0.00492935, 0.98732, 0.00368756, 0.00406269], 
              [0.0365711, 0.00304876, 0.924755, 0.0356249], 
              [0.00273035, 0.987717, 0.0046408, 0.00491144], 
              [0.00427363, 0.986943, 0.0064, 0.00238308], 
              [0.00222886, 0.959689, 0.00245274, 0.0356289], 
              [0.148523, 0.835469, 0.00190647, 0.0141015], 
              [0.0154338, 0.902584, 0.00840796, 0.0735741], 
              [0.0842229, 0.269968, 0.0593214, 0.586488], 
              [0.149643, 0.2866, 0.143335, 0.420422], 
              [0.205076, 0.346711, 0.253339, 0.194873], 
              [0.184768, 0.29966, 0.194685, 0.320888], 
              [0.126411, 0.379462, 0.245341, 0.248786]
            ]
          }, {
            "db": 0,
            "id": "UP00007_1",
            "alt": "Egr1_primary",
            "len": 14,
            "nsites": 20,
            "url": "http://thebrain.bwh.harvard.edu/uniprobe/details2.php?id=00007",
            "pwm": [
              [0.211738, 0.282545, 0.203703, 0.302013], 
              [0.142525, 0.720087, 0.0558249, 0.0815632], 
              [0.0336866, 0.874052, 0.0136139, 0.0786488], 
              [0.115797, 0.0714985, 0.778647, 0.0340587], 
              [0.00474229, 0.986339, 0.00349751, 0.0054209], 
              [0.00593532, 0.978838, 0.0110915, 0.00413532], 
              [0.00286269, 0.972325, 0.00289751, 0.0219144], 
              [0.262291, 0.729335, 0.0039602, 0.00441493], 
              [0.00710448, 0.982096, 0.00331443, 0.00748557], 
              [0.0240229, 0.0912537, 0.647335, 0.237387], 
              [0.0241672, 0.856914, 0.0389682, 0.0799512], 
              [0.566053, 0.0583522, 0.167206, 0.208389], 
              [0.176962, 0.330861, 0.125928, 0.366249], 
              [0.183382, 0.184103, 0.226908, 0.405606]
            ]
          }, {
            "db": 0,
            "id": "UP00021_1",
            "alt": "Zfp281_primary",
            "len": 15,
            "nsites": 20,
            "url": "http://thebrain.bwh.harvard.edu/uniprobe/details2.php?id=00021",
            "pwm": [
              [0.201776, 0.165635, 0.201566, 0.431024], 
              [0.136719, 0.442489, 0.179485, 0.241307], 
              [0.263084, 0.553619, 0.0688886, 0.114409], 
              [0.142719, 0.735208, 0.0467383, 0.0753343], 
              [0.046002, 0.880957, 0.0463741, 0.0266657], 
              [0.246452, 0.588884, 0.0237861, 0.140879], 
              [0.123681, 0.589559, 0.0341512, 0.252609], 
              [0.0193065, 0.941286, 0.0114468, 0.0279612], 
              [0.0365264, 0.950342, 0.00521194, 0.0079194], 
              [0.0211443, 0.95084, 0.0071801, 0.0208358], 
              [0.0164667, 0.960836, 0.00796517, 0.0147333], 
              [0.0296667, 0.932738, 0.0128458, 0.0247493], 
              [0.299878, 0.515979, 0.030796, 0.153346], 
              [0.159515, 0.512132, 0.0528199, 0.275532], 
              [0.158629, 0.64508, 0.133837, 0.0624537]
            ]
          }, {
            "db": 0,
            "id": "UP00022_1",
            "alt": "Zfp740_primary",
            "len": 16,
            "nsites": 20,
            "url": "http://thebrain.bwh.harvard.edu/uniprobe/details2.php?id=00022",
            "pwm": [
              [0.137508, 0.395779, 0.13588, 0.330832], 
              [0.185849, 0.416704, 0.215581, 0.181866], 
              [0.171668, 0.341444, 0.173216, 0.313673], 
              [0.14616, 0.588878, 0.146892, 0.118072], 
              [0.138592, 0.658374, 0.114693, 0.0883413], 
              [0.222864, 0.748042, 0.00873433, 0.0203602], 
              [0.0257542, 0.959765, 0.00312836, 0.0113522], 
              [0.0107532, 0.976324, 0.00188259, 0.0110388], 
              [0.011608, 0.973805, 0.00178209, 0.012805], 
              [0.0275134, 0.953224, 0.0027801, 0.0164816], 
              [0.195773, 0.753442, 0.0122488, 0.0385373], 
              [0.490091, 0.364214, 0.0267294, 0.118966], 
              [0.304879, 0.397423, 0.0725672, 0.225132], 
              [0.25348, 0.232733, 0.213429, 0.300358], 
              [0.157427, 0.297638, 0.145207, 0.399728], 
              [0.1799, 0.292302, 0.319116, 0.208682]
            ]
          }, {
            "db": 0,
            "id": "UP00032_1",
            "alt": "Gata3_primary",
            "len": 22,
            "nsites": 20,
            "url": "http://thebrain.bwh.harvard.edu/uniprobe/details2.php?id=00032",
            "pwm": [
              [0.152062, 0.26269, 0.258234, 0.327016], 
              [0.221974, 0.114065, 0.275254, 0.388706], 
              [0.297531, 0.137491, 0.135252, 0.429726], 
              [0.269999, 0.111109, 0.271001, 0.347891], 
              [0.265394, 0.0910478, 0.223473, 0.420086], 
              [0.614758, 0.0908866, 0.172348, 0.122007], 
              [0.19758, 0.10825, 0.406123, 0.288047], 
              [0.79553, 0.0479602, 0.00264279, 0.153866], 
              [0.00442289, 0.00374726, 0.986027, 0.00580299], 
              [0.987814, 0.00397811, 0.00384776, 0.0043602], 
              [0.00623383, 0.00399403, 0.00425473, 0.985517], 
              [0.944919, 0.0101313, 0.00258109, 0.0423682], 
              [0.969511, 0.00532338, 0.00530448, 0.0198607], 
              [0.041408, 0.114582, 0.825308, 0.0187015], 
              [0.734187, 0.131118, 0.114143, 0.0205512], 
              [0.415096, 0.106817, 0.316282, 0.161806], 
              [0.375952, 0.17132, 0.156042, 0.296686], 
              [0.13829, 0.197414, 0.211249, 0.453049], 
              [0.324481, 0.12338, 0.246126, 0.306013], 
              [0.461433, 0.207523, 0.159843, 0.171201], 
              [0.379771, 0.189276, 0.311682, 0.119272], 
              [0.222316, 0.158331, 0.379837, 0.239515]
            ]
          }, {
            "db": 0,
            "id": "UP00033_2",
            "alt": "Zfp410_secondary",
            "len": 17,
            "nsites": 20,
            "url": "http://thebrain.bwh.harvard.edu/uniprobe/details2.php?id=00033",
            "pwm": [
              [0.163412, 0.284608, 0.237496, 0.314485], 
              [0.182785, 0.446601, 0.0703622, 0.300251], 
              [0.298729, 0.260959, 0.213394, 0.226917], 
              [0.136606, 0.432151, 0.1448, 0.286443], 
              [0.180432, 0.395207, 0.15902, 0.265341], 
              [0.0702527, 0.74603, 0.069799, 0.113918], 
              [0.0614279, 0.7155, 0.076202, 0.14687], 
              [0.024408, 0.0726488, 0.643532, 0.25941], 
              [0.167309, 0.747276, 0.0636617, 0.0217532], 
              [0.051394, 0.772635, 0.0898726, 0.0860985], 
              [0.104574, 0.764982, 0.0697055, 0.0607373], 
              [0.0657363, 0.745839, 0.115262, 0.0731642], 
              [0.340469, 0.0728279, 0.243016, 0.343689], 
              [0.301708, 0.263445, 0.166345, 0.268501], 
              [0.478657, 0.22309, 0.119096, 0.179157], 
              [0.229571, 0.283454, 0.143631, 0.343344], 
              [0.261675, 0.180538, 0.170303, 0.387483]
            ]
          }, {
            "db": 0,
            "id": "UP00043_2",
            "alt": "Bcl6b_secondary",
            "len": 16,
            "nsites": 20,
            "url": "http://thebrain.bwh.harvard.edu/uniprobe/details2.php?id=00043",
            "pwm": [
              [0.316241, 0.278241, 0.153041, 0.252478], 
              [0.167553, 0.256999, 0.259845, 0.315603], 
              [0.175894, 0.325578, 0.259946, 0.238582], 
              [0.165475, 0.385002, 0.239501, 0.210022], 
              [0.0703871, 0.780068, 0.0733373, 0.076208], 
              [0.0509383, 0.797897, 0.0330726, 0.118093], 
              [0.223514, 0.0612498, 0.551185, 0.164051], 
              [0.0738249, 0.815425, 0.0354786, 0.0752716], 
              [0.0714279, 0.842166, 0.0636438, 0.0227622], 
              [0.0321244, 0.856322, 0.056392, 0.0551612], 
              [0.064595, 0.795774, 0.0681831, 0.0714468], 
              [0.347998, 0.0317881, 0.197442, 0.422772], 
              [0.306935, 0.256438, 0.181352, 0.255275], 
              [0.459884, 0.284883, 0.0910527, 0.164181], 
              [0.315471, 0.228538, 0.171527, 0.284465], 
              [0.373907, 0.268237, 0.199065, 0.158791]
            ]
          }, {
            "db": 0,
            "id": "UP00085_1",
            "alt": "Sfpi1_primary",
            "len": 14,
            "nsites": 20,
            "url": "http://thebrain.bwh.harvard.edu/uniprobe/details2.php?id=00085",
            "pwm": [
              [0.211777, 0.273535, 0.234839, 0.279849], 
              [0.297793, 0.10554, 0.290184, 0.306482], 
              [0.591758, 0.0490607, 0.155077, 0.204104], 
              [0.458702, 0.0536786, 0.170347, 0.317272], 
              [0.188928, 0.155828, 0.589844, 0.0654], 
              [0.401986, 0.286047, 0.290085, 0.0218826], 
              [0.0495711, 0.00247761, 0.942932, 0.00501791], 
              [0.00557612, 0.00262388, 0.987133, 0.00466766], 
              [0.970669, 0.00265274, 0.00270249, 0.0239771], 
              [0.935321, 0.00431841, 0.00207264, 0.0582876], 
              [0.0468468, 0.27022, 0.672531, 0.010402], 
              [0.0566308, 0.0933353, 0.0271751, 0.822858], 
              [0.30098, 0.123287, 0.266954, 0.308779], 
              [0.278537, 0.275969, 0.219312, 0.22618]
            ]
          }, {
            "db": 0,
            "id": "UP00090_1",
            "alt": "Elf3_primary",
            "len": 13,
            "nsites": 20,
            "url": "http://thebrain.bwh.harvard.edu/uniprobe/details2.php?id=00090",
            "pwm": [
              [0.338476, 0.13884, 0.180651, 0.342033], 
              [0.612515, 0.0475483, 0.0675572, 0.27238], 
              [0.248643, 0.404696, 0.126431, 0.22023], 
              [0.389246, 0.368241, 0.198509, 0.044005], 
              [0.471997, 0.442353, 0.065805, 0.0198438], 
              [0.0333682, 0.00658209, 0.949231, 0.0108199], 
              [0.0225025, 0.00810448, 0.952315, 0.0170776], 
              [0.972645, 0.00774726, 0.0121871, 0.00742189], 
              [0.888833, 0.00866269, 0.00490348, 0.097601], 
              [0.432841, 0.0387383, 0.519141, 0.0092796], 
              [0.0996826, 0.160445, 0.0248169, 0.715056], 
              [0.422302, 0.0782776, 0.201248, 0.298172], 
              [0.570659, 0.159217, 0.165386, 0.104738]
            ]
          }, {
            "db": 0,
            "id": "UP00093_1",
            "alt": "Klf7_primary",
            "len": 16,
            "nsites": 20,
            "url": "http://thebrain.bwh.harvard.edu/uniprobe/details2.php?id=00093",
            "pwm": [
              [0.20474, 0.19861, 0.17161, 0.42504], 
              [0.1676, 0.296552, 0.246101, 0.289747], 
              [0.267244, 0.148508, 0.397934, 0.186312], 
              [0.547897, 0.0611114, 0.336667, 0.0543254], 
              [0.0517373, 0.896779, 0.0233025, 0.0281821], 
              [0.0389602, 0.916997, 0.00956219, 0.0344806], 
              [0.409558, 0.565126, 0.0174299, 0.00788557], 
              [0.0107224, 0.97871, 0.00229851, 0.00826866], 
              [0.204519, 0.00232239, 0.746087, 0.0470706], 
              [0.0051791, 0.984816, 0.00405075, 0.00595522], 
              [0.00548657, 0.98515, 0.00553333, 0.00382886], 
              [0.00398806, 0.926168, 0.00248159, 0.0673612], 
              [0.260281, 0.420829, 0.0258408, 0.29305], 
              [0.185122, 0.247708, 0.0860567, 0.481112], 
              [0.347052, 0.197606, 0.140508, 0.314835], 
              [0.255255, 0.167035, 0.242335, 0.335375]
            ]
          }, {
            "db": 0,
            "id": "UP00103_2",
            "alt": "Jundm2_secondary",
            "len": 16,
            "nsites": 20,
            "url": "http://thebrain.bwh.harvard.edu/uniprobe/details2.php?id=00103",
            "pwm": [
              [0.33038, 0.277613, 0.217411, 0.174596], 
              [0.254064, 0.134328, 0.267938, 0.343671], 
              [0.103448, 0.139196, 0.266652, 0.490703], 
              [0.211284, 0.116422, 0.488262, 0.184034], 
              [0.63248, 0.0303413, 0.325348, 0.0118318], 
              [0.00580597, 0.00800199, 0.00578507, 0.980407], 
              [0.00446269, 0.00625473, 0.893655, 0.0956289], 
              [0.910712, 0.0699612, 0.00358607, 0.0157403], 
              [0.0124955, 0.443068, 0.532432, 0.012005], 
              [0.00919005, 0.00698507, 0.00447861, 0.979346], 
              [0.0449015, 0.944647, 0.00627264, 0.0041791], 
              [0.981923, 0.00464378, 0.0092597, 0.00417313], 
              [0.018194, 0.519963, 0.0331373, 0.428705], 
              [0.331007, 0.41386, 0.09859, 0.156543], 
              [0.317287, 0.218547, 0.235421, 0.228744], 
              [0.308086, 0.290891, 0.191703, 0.209319]
            ]
          }, {
            "db": 1,
            "id": "MA0002.2",
            "alt": "Runx1",
            "len": 11,
            "nsites": 2000,
            "url": "http://jaspar2022.genereg.net/matrix/MA0002.2",
            "pwm": [
              [0.143505, 0.248, 0.347995, 0.260499], 
              [0.117007, 0.2425, 0.233501, 0.406992], 
              [0.0615094, 0.535986, 0.0745088, 0.327996], 
              [0.0285111, 1.24994e-05, 0.00351232, 0.967964], 
              [1.24994e-05, 0.0375106, 0.935966, 0.0265112], 
              [0.0435103, 0.0635093, 0.0350107, 0.85797], 
              [1.24994e-05, 1.24994e-05, 0.993463, 0.00651217], 
              [0.00851207, 0.0210114, 0.923966, 0.0465102], 
              [0.00501225, 0.200002, 0.125506, 0.669479], 
              [0.0655092, 0.231501, 0.0405105, 0.662479], 
              [0.25, 0.0790085, 0.144505, 0.526486]
            ]
          }, {
            "db": 1,
            "id": "MA0025.2",
            "alt": "NFIL3",
            "len": 13,
            "nsites": 22996,
            "url": "http://jaspar2022.genereg.net/matrix/MA0025.2",
            "pwm": [
              [0.276918, 0.169769, 0.244173, 0.309141], 
              [0.393154, 0.169421, 0.315751, 0.121674], 
              [0.0378339, 0.029615, 0.022527, 0.910025], 
              [0.020352, 0.00904605, 0.0745358, 0.896066], 
              [0.92855, 0.00956805, 0.0430519, 0.01883], 
              [0.028658, 0.0657078, 0.021396, 0.884238], 
              [0.0634898, 0.020309, 0.889673, 0.026527], 
              [0.0590548, 0.522003, 0.019744, 0.399199], 
              [0.950075, 0.023614, 0.00743705, 0.018874], 
              [0.952815, 0.010916, 0.015656, 0.020613], 
              [0.0953647, 0.215646, 0.117456, 0.571533], 
              [0.33358, 0.244825, 0.180553, 0.241042], 
              [0.291007, 0.214342, 0.194903, 0.299748]
            ]
          }, {
            "db": 1,
            "id": "MA0026.1",
            "alt": "Eip74EF",
            "len": 7,
            "nsites": 17,
            "url": "http://jaspar2022.genereg.net/matrix/MA0026.1",
            "pwm": [
              [0.118421, 0.703216, 0.118421, 0.059942], 
              [0.29386, 0.703216, 0.00146199, 0.00146199], 
              [0.00146199, 0.00146199, 0.995614, 0.00146199], 
              [0.00146199, 0.00146199, 0.995614, 0.00146199], 
              [0.995614, 0.00146199, 0.00146199, 0.00146199], 
              [0.995614, 0.00146199, 0.00146199, 0.00146199], 
              [0.29386, 0.059942, 0.586257, 0.059942]
            ]
          }, {
            "db": 1,
            "id": "MA0036.3",
            "alt": "GATA2",
            "len": 11,
            "nsites": 14213,
            "url": "http://jaspar2022.genereg.net/matrix/MA0036.3",
            "pwm": [
              [0.232393, 0.209526, 0.225216, 0.332863], 
              [0.139732, 0.288398, 0.208682, 0.363188], 
              [0.0661383, 0.746286, 0.0860492, 0.101528], 
              [0.0312405, 0.0182246, 0.0105557, 0.93998], 
              [0.0293406, 0.00239374, 0.00147975, 0.966786], 
              [0.991904, 0.000986752, 0.00302674, 0.00408273], 
              [0.0102037, 0.00541972, 0.00337874, 0.980998], 
              [0.00675571, 0.969952, 0.0088667, 0.0144247], 
              [0.166961, 0.0346175, 0.0258226, 0.772599], 
              [0.204883, 0.26131, 0.257229, 0.276578], 
              [0.230634, 0.272567, 0.155915, 0.340884]
            ]
          }, {
            "db": 1,
            "id": "MA0037.4",
            "alt": "Gata3",
            "len": 12,
            "nsites": 24868,
            "url": "http://jaspar2022.genereg.net/matrix/MA0037.4",
            "pwm": [
              [0.253338, 0.1894, 0.255107, 0.302155], 
              [0.293228, 0.224626, 0.146011, 0.336135], 
              [0.0810687, 0.155179, 0.102583, 0.661169], 
              [0.0380419, 0.792261, 0.0870607, 0.0826367], 
              [0.0319299, 0.0373179, 0.01126, 0.919492], 
              [0.0395698, 0.0304819, 0.0386049, 0.891343], 
              [0.923835, 0.0227609, 0.0212329, 0.0321709], 
              [0.0171719, 0.011341, 0.011703, 0.959785], 
              [0.011823, 0.958619, 0.010255, 0.0193029], 
              [0.124659, 0.0363129, 0.0244499, 0.814579], 
              [0.209144, 0.263029, 0.269905, 0.257922], 
              [0.250764, 0.257158, 0.158959, 0.333119]
            ]
          }, {
            "db": 1,
            "id": "MA0039.4",
            "alt": "KLF4",
            "len": 12,
            "nsites": 55817,
            "url": "http://jaspar2022.genereg.net/matrix/MA0039.4",
            "pwm": [
              [0.2252, 0.313883, 0.255173, 0.205744], 
              [0.205798, 0.2515, 0.330957, 0.211746], 
              [0.0441624, 0.881612, 0.0283614, 0.0458644], 
              [0.0377134, 0.857533, 0.0217504, 0.0830033], 
              [0.125786, 0.813461, 0.0254764, 0.0352764], 
              [0.0210154, 0.947291, 0.0142074, 0.0174864], 
              [0.81699, 0.00288444, 0.118208, 0.0619173], 
              [0.0152644, 0.938172, 0.0263364, 0.0202274], 
              [0.0289704, 0.915706, 0.0335024, 0.0218214], 
              [0.0215354, 0.914505, 0.0180054, 0.0459544], 
              [0.291381, 0.326943, 0.112726, 0.26895], 
              [0.178422, 0.344286, 0.25838, 0.218912]
            ]
          }, {
            "db": 1,
            "id": "MA0043.3",
            "alt": "HLF",
            "len": 14,
            "nsites": 24424,
            "url": "http://jaspar2022.genereg.net/matrix/MA0043.3",
            "pwm": [
              [0.278824, 0.207296, 0.230347, 0.283533], 
              [0.25348, 0.164142, 0.25782, 0.324558], 
              [0.359851, 0.181461, 0.400957, 0.0577308], 
              [0.012079, 0.00990898, 0.006061, 0.971951], 
              [0.006634, 0.00393201, 0.0366449, 0.952789], 
              [0.931294, 0.005119, 0.0550288, 0.00855799], 
              [0.00806699, 0.0633808, 0.01036, 0.918192], 
              [0.0990016, 0.004587, 0.888672, 0.00773899], 
              [0.015109, 0.704346, 0.00814899, 0.272396], 
              [0.989024, 0.004996, 0.00196602, 0.00401301], 
              [0.984889, 0.00274401, 0.00773899, 0.004628], 
              [0.0572808, 0.541966, 0.135113, 0.26564], 
              [0.364273, 0.262529, 0.131756, 0.241443], 
              [0.282591, 0.215649, 0.22613, 0.275631]
            ]
          }, {
            "db": 1,
            "id": "MA0062.3",
            "alt": "GABPA",
            "len": 14,
            "nsites": 65479,
            "url": "http://jaspar2022.genereg.net/matrix/MA0062.3",
            "pwm": [
              [0.242627, 0.258434, 0.243513, 0.255425], 
              [0.167703, 0.331083, 0.210006, 0.291208], 
              [0.116663, 0.632232, 0.106737, 0.144367], 
              [0.798117, 0.0609053, 0.0744213, 0.0665563], 
              [0.0141884, 0.850104, 0.0331253, 0.102583], 
              [0.0593323, 0.0220383, 0.0147384, 0.903892], 
              [0.0131654, 0.0187854, 0.0249393, 0.943111], 
              [0.0213503, 0.937292, 0.0175634, 0.0237943], 
              [0.0151654, 0.963774, 0.00794137, 0.0131194], 
              [0.0262993, 0.0235503, 0.0696563, 0.880495], 
              [0.0338893, 0.0966422, 0.792925, 0.0765443], 
              [0.0816143, 0.183356, 0.1179, 0.617128], 
              [0.181783, 0.277249, 0.230318, 0.310649], 
              [0.206509, 0.265459, 0.201393, 0.326639]
            ]
          }, {
            "db": 1,
            "id": "MA0076.2",
            "alt": "ELK4",
            "len": 11,
            "nsites": 3427,
            "url": "http://jaspar2022.genereg.net/matrix/MA0076.2",
            "pwm": [
              [0.0869618, 0.42544, 0.258535, 0.229064], 
              [0.114098, 0.555871, 0.166328, 0.163703], 
              [0.593512, 0.0423171, 0.302887, 0.0612835], 
              [7.2948e-06, 0.784343, 0.00467616, 0.210973], 
              [0.00234123, 7.2948e-06, 7.2948e-06, 0.997644], 
              [7.2948e-06, 7.2948e-06, 7.2948e-06, 0.999978], 
              [7.2948e-06, 0.999978, 7.2948e-06, 7.2948e-06], 
              [7.2948e-06, 0.999978, 7.2948e-06, 7.2948e-06], 
              [7.2948e-06, 7.2948e-06, 0.85058, 0.149405], 
              [7.2948e-06, 0.146195, 0.829572, 0.0242256], 
              [0.0846268, 0.365623, 0.194925, 0.354826]
            ]
          }, {
            "db": 1,
            "id": "MA0079.5",
            "alt": "SP1",
            "len": 9,
            "nsites": 1000,
            "url": "http://jaspar2022.genereg.net/matrix/MA0079.5",
            "pwm": [
              [0.00107989, 0.00107989, 0.950352, 0.0474883], 
              [0.00107989, 0.00107989, 0.99676, 0.00107989], 
              [0.00107989, 0.00107989, 0.99676, 0.00107989], 
              [0.00107989, 0.00107989, 0.99676, 0.00107989], 
              [0.266876, 0.730964, 0.00107989, 0.00107989], 
              [0.00107989, 0.00107989, 0.99676, 0.00107989], 
              [0.00107989, 0.0854595, 0.912381, 0.00107989], 
              [0.254219, 0.0517078, 0.659242, 0.0348315], 
              [0.161401, 0.00107989, 0.836439, 0.00107989]
            ]
          }, {
            "db": 1,
            "id": "MA0080.6",
            "alt": "Spi1",
            "len": 17,
            "nsites": 105198,
            "url": "http://jaspar2022.genereg.net/matrix/MA0080.6",
            "pwm": [
              [0.394485, 0.147037, 0.262961, 0.195517], 
              [0.35667, 0.141647, 0.348191, 0.153492], 
              [0.632436, 0.0652392, 0.216801, 0.0855242], 
              [0.782143, 0.0547352, 0.100895, 0.0622262], 
              [0.774359, 0.0221492, 0.0971501, 0.106342], 
              [0.0820932, 0.115981, 0.760338, 0.0415882], 
              [0.855072, 0.0246582, 0.0915992, 0.0286702], 
              [0.0387552, 0.00522823, 0.944504, 0.0115122], 
              [0.0192782, 0.00789923, 0.963734, 0.00908823], 
              [0.969713, 0.0104092, 0.0101052, 0.00977223], 
              [0.94611, 0.00910723, 0.0173202, 0.0274622], 
              [0.0723972, 0.0671782, 0.847354, 0.0130712], 
              [0.161572, 0.0353242, 0.0487462, 0.754358], 
              [0.0947931, 0.0577482, 0.792647, 0.0548112], 
              [0.220479, 0.11005, 0.548195, 0.121276], 
              [0.373828, 0.165716, 0.264958, 0.195498], 
