>CACATCCTCATC	13-CACATCCTCATC	8.480780	-11.518542	0	T:78.0(4.03%),B:1116.1(2.39%),P:1e-5
0.043	0.772	0.120	0.065
0.942	0.015	0.007	0.036
0.029	0.742	0.186	0.043
0.771	0.037	0.113	0.079
0.180	0.186	0.007	0.627
0.106	0.663	0.150	0.081
0.072	0.737	0.043	0.148
0.128	0.036	0.036	0.800
0.189	0.702	0.094	0.015
0.766	0.161	0.022	0.051
0.130	0.191	0.051	0.628
0.081	0.854	0.036	0.029
