>AGCCARSCAAGC	15-AGCCARSCAAGC,BestGuess:Pax8(Paired,Homeobox)/Thyroid-Pax8-ChIP-Seq(GSE26938)/Homer(0.655)	13.128268	-7.421000	0	T:4.0(0.21%),B:9.7(0.02%),P:1e-3
0.962	0.001	0.036	0.001
0.077	0.081	0.809	0.033
0.001	0.930	0.068	0.001
0.038	0.960	0.001	0.001
0.821	0.113	0.065	0.001
0.497	0.076	0.399	0.027
0.099	0.455	0.445	0.001
0.001	0.933	0.065	0.001
0.696	0.302	0.001	0.001
0.632	0.065	0.302	0.001
0.067	0.135	0.797	0.001
0.001	0.885	0.019	0.095
