>TAGYAAGGAGGG	8-CCCTCCTTRCTA	12.027214	-17.311722	0	T:5.0(0.26%),B:2.5(0.01%),P:1e-7
0.078	0.118	0.039	0.765
0.873	0.001	0.039	0.087
0.041	0.078	0.842	0.039
0.001	0.532	0.001	0.466
0.757	0.001	0.164	0.078
0.921	0.001	0.039	0.039
0.117	0.039	0.727	0.117
0.081	0.164	0.715	0.040
0.793	0.001	0.205	0.001
0.117	0.039	0.765	0.079
0.040	0.001	0.843	0.116
0.001	0.164	0.794	0.041
