>GCTTGSYTGGCT	15-AGCCARSCAAGC	13.128268	-7.421000	0	T:4.0(0.21%),B:9.7(0.02%),P:1e-3
0.095	0.019	0.885	0.001
0.001	0.797	0.135	0.067
0.001	0.302	0.065	0.632
0.001	0.001	0.302	0.696
0.001	0.065	0.933	0.001
0.001	0.445	0.455	0.099
0.027	0.399	0.076	0.497
0.001	0.065	0.113	0.821
0.001	0.001	0.960	0.038
0.001	0.068	0.930	0.001
0.033	0.809	0.081	0.077
0.001	0.036	0.001	0.962
