>CCACTAGGGGGC	1-CCACTAGGGGGC	8.742954	-287.530092	0	T:247.0(12.77%),B:840.1(1.80%),P:1e-124	Tpos:97.3,Tstd:40.2,Bpos:98.5,Bstd:61.9,StrandBias:0.0,Multiplicity:1.03
0.061	0.826	0.073	0.040
0.001	0.989	0.001	0.009
0.822	0.024	0.044	0.110
0.020	0.818	0.132	0.030
0.101	0.242	0.050	0.607
0.897	0.014	0.027	0.062
0.020	0.020	0.959	0.001
0.265	0.010	0.717	0.008
0.031	0.030	0.706	0.233
0.010	0.010	0.962	0.018
0.030	0.035	0.874	0.061
0.077	0.827	0.020	0.076
>ATGAGTCAYNNC	2-ATGAGTCAYNNC	7.735964	-219.005455	0	T:241.0(12.46%),B:1104.5(2.37%),P:1e-95	Tpos:99.5,Tstd:47.6,Bpos:99.4,Bstd:64.7,StrandBias:-0.0,Multiplicity:1.18
0.484	0.127	0.328	0.060
0.044	0.001	0.001	0.954
0.001	0.016	0.899	0.084
0.898	0.001	0.028	0.073
0.045	0.370	0.551	0.034
0.022	0.061	0.034	0.883
0.022	0.890	0.087	0.001
0.997	0.001	0.001	0.001
0.050	0.384	0.174	0.392
0.186	0.222	0.295	0.296
0.195	0.292	0.186	0.326
0.181	0.405	0.199	0.215
>AAAGAGGAAGTY	3-AAAGAGGAAGTY	10.191111	-67.769611	0	T:64.0(3.31%),B:244.8(0.52%),P:1e-29	Tpos:103.3,Tstd:46.3,Bpos:97.9,Bstd:61.4,StrandBias:-0.2,Multiplicity:1.05
0.783	0.071	0.145	0.001
0.803	0.127	0.038	0.032
0.997	0.001	0.001	0.001
0.095	0.074	0.765	0.066
0.917	0.031	0.051	0.001
0.001	0.001	0.997	0.001
0.081	0.001	0.917	0.001
0.997	0.001	0.001	0.001
0.810	0.001	0.031	0.158
0.026	0.032	0.879	0.063
0.031	0.284	0.001	0.684
0.057	0.298	0.222	0.423
>TCCCTGAGATAG	4-TCCCTGAGATAG	10.523585	-44.996812	0	T:11.0(0.57%),B:2.9(0.01%),P:1e-19	Tpos:97.1,Tstd:57.1,Bpos:70.5,Bstd:31.5,StrandBias:10.0,Multiplicity:1.64
0.001	0.001	0.001	0.997
0.001	0.997	0.001	0.001
0.001	0.997	0.001	0.001
0.001	0.997	0.001	0.001
0.001	0.001	0.001	0.997
0.002	0.235	0.762	0.001
0.997	0.001	0.001	0.001
0.001	0.053	0.945	0.001
0.997	0.001	0.001	0.001
0.002	0.001	0.001	0.996
0.997	0.001	0.001	0.001
0.183	0.001	0.815	0.001
>TTTCCAAAACAC	5-TTTCCAAAACAC	13.499248	-36.121304	0	T:8.0(0.41%),B:2.0(0.00%),P:1e-15	Tpos:93.2,Tstd:57.6,Bpos:117.2,Bstd:38.1,StrandBias:4.1,Multiplicity:2.25
0.236	0.001	0.001	0.762
0.071	0.001	0.001	0.927
0.001	0.001	0.001	0.997
0.001	0.997	0.001	0.001
0.001	0.997	0.001	0.001
0.927	0.001	0.001	0.071
0.762	0.001	0.236	0.001
0.997	0.001	0.001	0.001
0.997	0.001	0.001	0.001
0.001	0.997	0.001	0.001
0.997	0.001	0.001	0.001
0.071	0.927	0.001	0.001
>CAGTACCCACAC	6-CAGTACCCACAC	12.901273	-23.830371	0	T:16.0(0.83%),B:41.1(0.09%),P:1e-10	Tpos:101.6,Tstd:52.6,Bpos:94.0,Bstd:78.3,StrandBias:0.8,Multiplicity:2.38
0.187	0.811	0.001	0.001
0.997	0.001	0.001	0.001
0.001	0.401	0.596	0.002
0.001	0.407	0.001	0.591
0.997	0.001	0.001	0.001
0.001	0.997	0.001	0.001
0.001	0.997	0.001	0.001
0.187	0.811	0.001	0.001
0.997	0.001	0.001	0.001
0.002	0.622	0.188	0.188
0.997	0.001	0.001	0.001
0.187	0.811	0.001	0.001
>CAGCAGGGTGCA	7-CAGCAGGGTGCA	14.076753	-17.311722	0	T:5.0(0.26%),B:2.2(0.00%),P:1e-7	Tpos:120.4,Tstd:35.6,Bpos:126.9,Bstd:29.6,StrandBias:-2.0,Multiplicity:2.50
0.001	0.997	0.001	0.001
0.997	0.001	0.001	0.001
0.001	0.001	0.997	0.001
0.001	0.997	0.001	0.001
0.997	0.001	0.001	0.001
0.001	0.001	0.997	0.001
0.001	0.001	0.997	0.001
0.001	0.001	0.997	0.001
0.001	0.001	0.001	0.997
0.001	0.001	0.997	0.001
0.001	0.997	0.001	0.001
0.918	0.001	0.080	0.001
>CCCTCCTTRCTA	8-CCCTCCTTRCTA	12.027214	-17.311722	0	T:5.0(0.26%),B:2.5(0.01%),P:1e-7	Tpos:110.7,Tstd:60.2,Bpos:39.1,Bstd:11.3,StrandBias:2.2,Multiplicity:2.20
0.041	0.794	0.164	0.001
0.116	0.843	0.001	0.040
0.079	0.765	0.039	0.117
0.001	0.205	0.001	0.793
0.040	0.715	0.164	0.081
0.117	0.727	0.039	0.117
0.039	0.039	0.001	0.921
0.078	0.164	0.001	0.757
0.466	0.001	0.532	0.001
0.039	0.842	0.078	0.041
0.087	0.039	0.001	0.873
0.765	0.039	0.118	0.078
>YACTCGCGTGGG	9-YACTCGCGTGGG	15.399239	-15.946988	0	T:4.0(0.21%),B:0.0(0.00%),P:1e-6	Tpos:81.8,Tstd:61.3,Bpos:0.0,Bstd:0.0,StrandBias:10.0,Multiplicity:1.50
0.001	0.470	0.132	0.397
0.997	0.001	0.001	0.001
0.001	0.997	0.001	0.001
0.001	0.001	0.001	0.997
0.001	0.997	0.001	0.001
0.131	0.001	0.867	0.001
0.001	0.997	0.001	0.001
0.001	0.001	0.997	0.001
0.001	0.001	0.001	0.997
0.001	0.131	0.867	0.001
0.001	0.001	0.997	0.001
0.001	0.001	0.997	0.001
>CTGTCCAACCTG	10-CTGTCCAACCTG	12.355432	-13.207426	0	T:4.0(0.21%),B:2.4(0.01%),P:1e-5	Tpos:106.9,Tstd:72.6,Bpos:77.4,Bstd:80.7,StrandBias:10.0,Multiplicity:2.25
0.100	0.700	0.100	0.100
0.100	0.100	0.100	0.700
0.100	0.100	0.700	0.100
0.100	0.100	0.100	0.700
0.100	0.700	0.100	0.100
0.100	0.700	0.100	0.100
0.700	0.100	0.100	0.100
0.700	0.100	0.100	0.100
0.100	0.700	0.100	0.100
0.100	0.700	0.100	0.100
0.100	0.100	0.100	0.700
0.100	0.100	0.700	0.100
>AGTAGCCCTTTC	11-AGTAGCCCTTTC	11.675278	-13.207426	0	T:4.0(0.21%),B:2.9(0.01%),P:1e-5	Tpos:106.8,Tstd:56.7,Bpos:153.2,Bstd:14.6,StrandBias:2.3,Multiplicity:3.00
0.997	0.001	0.001	0.001
0.001	0.001	0.997	0.001
0.001	0.001	0.001	0.997
0.997	0.001	0.001	0.001
0.001	0.001	0.997	0.001
0.001	0.997	0.001	0.001
0.001	0.913	0.001	0.085
0.001	0.997	0.001	0.001
0.001	0.001	0.001	0.997
0.001	0.085	0.001	0.913
0.001	0.001	0.001	0.997
0.001	0.997	0.001	0.001
>STGTATGGATGT	12-STGTATGGATGT	13.416900	-11.955940	0	T:5.0(0.26%),B:6.7(0.01%),P:1e-5	Tpos:96.5,Tstd:60.0,Bpos:155.4,Bstd:43.0,StrandBias:-1.4,Multiplicity:2.20
0.001	0.432	0.480	0.087
0.005	0.001	0.001	0.993
0.278	0.001	0.720	0.001
0.003	0.090	0.001	0.906
0.997	0.001	0.001	0.001
0.001	0.001	0.001	0.997
0.007	0.001	0.991	0.001
0.373	0.003	0.617	0.007
0.616	0.003	0.380	0.001
0.019	0.001	0.001	0.979
0.086	0.001	0.912	0.001
0.001	0.001	0.001	0.997
>CACATCCTCATC	13-CACATCCTCATC	8.480780	-11.518542	0	T:78.0(4.03%),B:1116.1(2.39%),P:1e-5	Tpos:101.6,Tstd:53.5,Bpos:95.3,Bstd:71.1,StrandBias:0.5,Multiplicity:1.87
0.043	0.772	0.120	0.065
0.942	0.015	0.007	0.036
0.029	0.742	0.186	0.043
0.771	0.037	0.113	0.079
0.180	0.186	0.007	0.627
0.106	0.663	0.150	0.081
0.072	0.737	0.043	0.148
0.128	0.036	0.036	0.800
0.189	0.702	0.094	0.015
0.766	0.161	0.022	0.051
0.130	0.191	0.051	0.628
0.081	0.854	0.036	0.029
>GTGTGTGAGAGG	14-GTGTGTGAGAGG	14.227326	-9.325394	0	T:3.0(0.16%),B:2.9(0.01%),P:1e-4	Tpos:91.2,Tstd:54.7,Bpos:94.2,Bstd:62.0,StrandBias:1.2,Multiplicity:3.33
0.001	0.001	0.997	0.001
0.001	0.001	0.001	0.997
0.001	0.001	0.997	0.001
0.001	0.001	0.001	0.997
0.001	0.001	0.997	0.001
0.001	0.001	0.001	0.997
0.001	0.001	0.997	0.001
0.997	0.001	0.001	0.001
0.001	0.001	0.997	0.001
0.997	0.001	0.001	0.001
0.001	0.093	0.905	0.001
0.001	0.001	0.997	0.001
>AGCCARSCAAGC	15-AGCCARSCAAGC	13.128268	-7.421000	0	T:4.0(0.21%),B:9.7(0.02%),P:1e-3	Tpos:106.0,Tstd:51.1,Bpos:101.3,Bstd:64.3,StrandBias:0.1,Multiplicity:6.75
0.962	0.001	0.036	0.001
0.077	0.081	0.809	0.033
0.001	0.930	0.068	0.001
0.038	0.960	0.001	0.001
0.821	0.113	0.065	0.001
0.497	0.076	0.399	0.027
0.099	0.455	0.445	0.001
0.001	0.933	0.065	0.001
0.696	0.302	0.001	0.001
0.632	0.065	0.302	0.001
0.067	0.135	0.797	0.001
0.001	0.885	0.019	0.095
>TAGGGTTAGGGT	16-TAGGGTTAGGGT	13.383606	-7.087603	0	T:2.0(0.10%),B:1.4(0.00%),P:1e-3	Tpos:123.1,Tstd:36.2,Bpos:144.1,Bstd:36.5,StrandBias:10.0,Multiplicity:8.50
0.001	0.001	0.001	0.997
0.997	0.001	0.001	0.001
0.001	0.001	0.997	0.001
0.001	0.001	0.997	0.001
0.040	0.001	0.958	0.001
0.001	0.001	0.001	0.997
0.001	0.001	0.001	0.997
0.997	0.001	0.001	0.001
0.001	0.001	0.997	0.001
0.001	0.001	0.997	0.001
0.001	0.001	0.997	0.001
0.001	0.001	0.001	0.997
>GTTAGGKTCRTG	17-GTTAGGKTCRTG	15.218332	-7.087603	0	T:2.0(0.10%),B:0.0(0.00%),P:1e-3	Tpos:77.5,Tstd:31.5,Bpos:0.0,Bstd:0.0,StrandBias:10.0,Multiplicity:1.00
0.001	0.001	0.997	0.001
0.001	0.001	0.001	0.997
0.001	0.001	0.001	0.997
0.997	0.001	0.001	0.001
0.001	0.001	0.997	0.001
0.001	0.102	0.896	0.001
0.001	0.001	0.566	0.432
0.001	0.001	0.001	0.997
0.001	0.997	0.001	0.001
0.566	0.001	0.432	0.001
0.001	0.133	0.001	0.865
0.001	0.001	0.997	0.001
>GTTAGGGTCACG	18-GTTAGGGTCACG	16.552241	-7.087603	0	T:2.0(0.10%),B:0.0(0.00%),P:1e-3	Tpos:97.4,Tstd:52.3,Bpos:0.0,Bstd:0.0,StrandBias:10.0,Multiplicity:7.00
0.001	0.001	0.997	0.001
0.001	0.001	0.001	0.997
0.001	0.001	0.001	0.997
0.997	0.001	0.001	0.001
0.001	0.001	0.997	0.001
0.001	0.047	0.951	0.001
0.001	0.001	0.997	0.001
0.001	0.001	0.001	0.997
0.001	0.997	0.001	0.001
0.997	0.001	0.001	0.001
0.001	0.997	0.001	0.001
0.001	0.001	0.997	0.001
>TCGAATGGAATC	19-TCGAATGGAATC	15.830236	-7.087603	0	T:2.0(0.10%),B:0.0(0.00%),P:1e-3	Tpos:72.8,Tstd:55.6,Bpos:0.0,Bstd:0.0,StrandBias:10.0,Multiplicity:2.00
0.001	0.001	0.083	0.915
0.001	0.814	0.001	0.184
0.001	0.001	0.997	0.001
0.997	0.001	0.001	0.001
0.997	0.001	0.001	0.001
0.001	0.001	0.001	0.997
0.001	0.001	0.997	0.001
0.083	0.001	0.915	0.001
0.915	0.001	0.083	0.001
0.997	0.001	0.001	0.001
0.001	0.001	0.001	0.997
0.184	0.732	0.001	0.083
>TCAGTCCTCATT	20-TCAGTCCTCATT	13.712329	-7.087603	0	T:2.0(0.10%),B:0.0(0.00%),P:1e-3	Tpos:93.8,Tstd:53.1,Bpos:0.0,Bstd:0.0,StrandBias:3.6,Multiplicity:6.50
0.001	0.001	0.059	0.939
0.001	0.997	0.001	0.001
0.997	0.001	0.001	0.001
0.001	0.001	0.997	0.001
0.001	0.001	0.001	0.997
0.059	0.939	0.001	0.001
0.001	0.997	0.001	0.001
0.001	0.001	0.001	0.997
0.001	0.997	0.001	0.001
0.997	0.001	0.001	0.001
0.001	0.001	0.001	0.997
0.001	0.001	0.001	0.997
>GGGAAGGTATAG	21-GGGAAGGTATAG	12.355432	-7.087603	0	T:2.0(0.10%),B:0.6(0.00%),P:1e-3	Tpos:103.9,Tstd:53.4,Bpos:105.0,Bstd:0.0,StrandBias:-2.8,Multiplicity:4.00
0.100	0.100	0.700	0.100
0.100	0.100	0.700	0.100
0.100	0.100	0.700	0.100
0.700	0.100	0.100	0.100
0.700	0.100	0.100	0.100
0.100	0.100	0.700	0.100
0.100	0.100	0.700	0.100
0.100	0.100	0.100	0.700
0.700	0.100	0.100	0.100
0.100	0.100	0.100	0.700
0.700	0.100	0.100	0.100
0.100	0.100	0.700	0.100
>CCAGAGTCTGAA	22-CCAGAGTCTGAA	16.502661	-7.087603	0	T:2.0(0.10%),B:2.0(0.00%),P:1e-3	Tpos:94.6,Tstd:50.0,Bpos:122.8,Bstd:36.1,StrandBias:10.0,Multiplicity:4.00
0.001	0.997	0.001	0.001
0.001	0.997	0.001	0.001
0.997	0.001	0.001	0.001
0.001	0.001	0.997	0.001
0.997	0.001	0.001	0.001
0.093	0.001	0.905	0.001
0.001	0.001	0.001	0.997
0.001	0.997	0.001	0.001
0.001	0.001	0.001	0.997
0.001	0.001	0.997	0.001
0.997	0.001	0.001	0.001
0.997	0.001	0.001	0.001
>TGATATAYATAT	23-TGATATAYATAT	13.853610	-5.728773	0	T:2.0(0.10%),B:2.9(0.01%),P:1e-2	Tpos:99.3,Tstd:60.5,Bpos:40.4,Bstd:8.3,StrandBias:-0.4,Multiplicity:7.00
0.001	0.001	0.001	0.997
0.001	0.001	0.997	0.001
0.997	0.001	0.001	0.001
0.001	0.001	0.001	0.997
0.997	0.001	0.001	0.001
0.001	0.001	0.001	0.997
0.997	0.001	0.001	0.001
0.064	0.417	0.001	0.518
0.997	0.001	0.001	0.001
0.001	0.001	0.001	0.997
0.997	0.001	0.001	0.001
0.001	0.001	0.001	0.997
>CTCCCCAAAGAC	24-CTCCCCAAAGAC	12.355432	-5.728773	0	T:2.0(0.10%),B:2.8(0.01%),P:1e-2	Tpos:101.1,Tstd:49.8,Bpos:99.8,Bstd:9.8,StrandBias:10.0,Multiplicity:4.00
0.100	0.700	0.100	0.100
0.100	0.100	0.100	0.700
0.100	0.700	0.100	0.100
0.100	0.700	0.100	0.100
0.100	0.700	0.100	0.100
0.100	0.700	0.100	0.100
0.700	0.100	0.100	0.100
0.700	0.100	0.100	0.100
0.700	0.100	0.100	0.100
0.100	0.100	0.700	0.100
0.700	0.100	0.100	0.100
0.100	0.700	0.100	0.100
>ACCCTCTCCACA	25-ACCCTCTCCACA	10.409522	-3.656058	0	T:13.0(0.67%),B:168.7(0.36%),P:1e-1	Tpos:103.0,Tstd:63.5,Bpos:103.0,Bstd:61.1,StrandBias:1.9,Multiplicity:1.85
0.700	0.100	0.100	0.100
0.100	0.700	0.100	0.100
0.100	0.700	0.100	0.100
0.100	0.700	0.100	0.100
0.100	0.100	0.100	0.700
0.100	0.700	0.100	0.100
0.100	0.100	0.100	0.700
0.100	0.700	0.100	0.100
0.100	0.700	0.100	0.100
0.700	0.100	0.100	0.100
0.100	0.700	0.100	0.100
0.700	0.100	0.100	0.100
