>ATGACTCA	1-ATGACTCA	9.169657	-207.431648	0	T:210.0(10.86%),B:871.8(1.87%),P:1e-90	Tpos:98.7,Tstd:48.4,Bpos:100.8,Bstd:66.4,StrandBias:-0.2,Multiplicity:1.11
0.631	0.125	0.243	0.001
0.001	0.001	0.001	0.997
0.004	0.001	0.981	0.014
0.997	0.001	0.001	0.001
0.010	0.731	0.251	0.008
0.009	0.001	0.003	0.987
0.034	0.964	0.001	0.001
0.997	0.001	0.001	0.001
>TGAGTCAC	2-TGAGTCAC	6.598914	-141.183136	0	T:326.0(16.86%),B:2819.2(6.04%),P:1e-61	Tpos:94.9,Tstd:50.4,Bpos:100.6,Bstd:67.6,StrandBias:-0.2,Multiplicity:1.16
0.001	0.001	0.001	0.997
0.038	0.001	0.702	0.259
0.945	0.053	0.001	0.001
0.038	0.326	0.594	0.042
0.039	0.001	0.001	0.959
0.172	0.664	0.111	0.053
0.914	0.040	0.001	0.045
0.001	0.464	0.242	0.293
>CGCCCCCT	3-CGCCCCCT	5.555139	-77.896056	0	T:391.0(20.22%),B:4996.0(10.71%),P:1e-33	Tpos:101.6,Tstd:49.2,Bpos:99.6,Bstd:62.2,StrandBias:-0.3,Multiplicity:1.12
0.001	0.889	0.001	0.109
0.001	0.001	0.997	0.001
0.001	0.997	0.001	0.001
0.038	0.960	0.001	0.001
0.120	0.878	0.001	0.001
0.001	0.680	0.001	0.318
0.001	0.997	0.001	0.001
0.001	0.001	0.001	0.997
>CAYTTCCT	4-CAYTTCCT	7.707004	-54.477379	0	T:276.0(14.27%),B:3500.9(7.50%),P:1e-23	Tpos:101.4,Tstd:51.5,Bpos:98.4,Bstd:62.3,StrandBias:-0.0,Multiplicity:1.19
0.158	0.649	0.090	0.103
0.795	0.001	0.203	0.001
0.001	0.489	0.001	0.509
0.174	0.001	0.001	0.824
0.001	0.001	0.001	0.997
0.001	0.997	0.001	0.001
0.001	0.997	0.001	0.001
0.001	0.001	0.001	0.997
>ACAGGAAG	5-ACAGGAAG	6.726657	-46.052585	0	T:519.0(26.84%),B:8515.3(18.25%),P:1e-20	Tpos:99.5,Tstd:54.0,Bpos:100.8,Bstd:65.6,StrandBias:0.0,Multiplicity:1.14
0.860	0.050	0.089	0.001
0.001	0.855	0.077	0.067
0.967	0.031	0.001	0.001
0.035	0.001	0.937	0.027
0.044	0.001	0.938	0.017
0.922	0.076	0.001	0.001
0.900	0.030	0.069	0.001
0.146	0.001	0.852	0.001
>GGCAATGC	6-GGCAATGC	4.437573	-35.904273	0	T:557.0(28.80%),B:9784.2(20.97%),P:1e-15	Tpos:101.7,Tstd:55.3,Bpos:100.2,Bstd:65.8,StrandBias:-0.1,Multiplicity:1.15
0.195	0.086	0.511	0.208
0.151	0.155	0.568	0.126
0.206	0.569	0.099	0.126
0.769	0.075	0.051	0.105
0.412	0.179	0.201	0.208
0.108	0.128	0.170	0.594
0.122	0.119	0.559	0.200
0.255	0.510	0.123	0.112
>TGYYATKG	7-TGYYATKG	6.907730	-25.859641	0	T:125.0(6.46%),B:1555.2(3.33%),P:1e-11	Tpos:103.8,Tstd:48.1,Bpos:101.6,Bstd:66.2,StrandBias:0.1,Multiplicity:1.18
0.001	0.278	0.001	0.720
0.265	0.011	0.499	0.224
0.012	0.483	0.001	0.504
0.008	0.415	0.049	0.528
0.997	0.001	0.001	0.001
0.061	0.335	0.044	0.560
0.186	0.049	0.402	0.363
0.001	0.054	0.944	0.001
>CAGAGCAG	8-CAGAGCAG	6.187358	-24.765194	0	T:673.0(34.80%),B:13003.1(27.87%),P:1e-10	Tpos:100.5,Tstd:56.7,Bpos:101.8,Bstd:67.5,StrandBias:0.1,Multiplicity:1.32
0.038	0.850	0.062	0.050
0.931	0.001	0.031	0.037
0.113	0.063	0.774	0.050
0.869	0.001	0.090	0.040
0.044	0.001	0.954	0.001
0.001	0.967	0.031	0.001
0.840	0.091	0.001	0.068
0.001	0.001	0.980	0.018
>GGCCCTGT	9-GGCCCTGT	6.549154	-24.706480	0	T:532.0(27.51%),B:9864.2(21.14%),P:1e-10	Tpos:97.8,Tstd:57.6,Bpos:100.5,Bstd:67.0,StrandBias:0.1,Multiplicity:1.33
0.042	0.017	0.940	0.001
0.001	0.001	0.922	0.076
0.001	0.908	0.066	0.025
0.001	0.855	0.026	0.118
0.001	0.972	0.001	0.026
0.001	0.069	0.019	0.911
0.001	0.045	0.871	0.083
0.042	0.055	0.135	0.768
>CGGGGCCT	10-CGGGGCCT	8.043546	-24.691387	0	T:148.0(7.65%),B:1993.5(4.27%),P:1e-10	Tpos:105.7,Tstd:55.1,Bpos:99.0,Bstd:57.8,StrandBias:0.1,Multiplicity:1.12
0.001	0.997	0.001	0.001
0.001	0.001	0.997	0.001
0.001	0.001	0.997	0.001
0.139	0.001	0.859	0.001
0.001	0.001	0.997	0.001
0.165	0.833	0.001	0.001
0.001	0.918	0.001	0.080
0.158	0.001	0.001	0.840
>GAMCAATC	11-GAMCAATC	2.778965	-24.346548	0	T:168.0(8.69%),B:2370.9(5.08%),P:1e-10	Tpos:107.1,Tstd:54.6,Bpos:98.6,Bstd:63.7,StrandBias:0.3,Multiplicity:1.14
0.001	0.295	0.567	0.137
0.997	0.001	0.001	0.001
0.563	0.435	0.001	0.001
0.001	0.997	0.001	0.001
0.683	0.001	0.315	0.001
0.997	0.001	0.001	0.001
0.001	0.001	0.001	0.997
0.001	0.779	0.219	0.001
>TTGTAWAC	12-TTGTAWAC	5.557846	-20.545773	0	T:55.0(2.84%),B:524.2(1.12%),P:1e-8	Tpos:92.7,Tstd:52.6,Bpos:101.0,Bstd:62.8,StrandBias:0.2,Multiplicity:1.13
0.001	0.019	0.001	0.979
0.263	0.240	0.001	0.495
0.001	0.001	0.997	0.001
0.001	0.001	0.001	0.997
0.997	0.001	0.001	0.001
0.571	0.001	0.001	0.427
0.997	0.001	0.001	0.001
0.001	0.997	0.001	0.001
>GTTATATC	13-GTTATATC	5.719573	-20.224362	0	T:277.0(14.32%),B:4681.3(10.03%),P:1e-8	Tpos:98.7,Tstd:54.0,Bpos:97.7,Bstd:65.5,StrandBias:-0.3,Multiplicity:1.17
0.310	0.001	0.640	0.049
0.001	0.001	0.001	0.997
0.001	0.001	0.286	0.712
0.766	0.001	0.197	0.036
0.073	0.254	0.055	0.618
0.625	0.001	0.338	0.036
0.001	0.001	0.001	0.997
0.053	0.805	0.116	0.026
>AACAGGCC	14-AACAGGCC	8.012328	-18.899942	0	T:228.0(11.79%),B:3746.4(8.03%),P:1e-8	Tpos:101.0,Tstd:55.6,Bpos:99.0,Bstd:65.8,StrandBias:0.4,Multiplicity:1.05
0.619	0.001	0.379	0.001
0.651	0.001	0.347	0.001
0.001	0.997	0.001	0.001
0.707	0.291	0.001	0.001
0.293	0.001	0.705	0.001
0.001	0.001	0.918	0.080
0.001	0.997	0.001	0.001
0.001	0.997	0.001	0.001
>GTGGAGCC	15-GTGGAGCC	8.106231	-17.841194	0	T:100.0(5.17%),B:1325.6(2.84%),P:1e-7	Tpos:98.6,Tstd:54.1,Bpos:100.5,Bstd:64.1,StrandBias:-0.1,Multiplicity:1.29
0.001	0.001	0.997	0.001
0.001	0.001	0.001	0.997
0.001	0.001	0.997	0.001
0.001	0.001	0.997	0.001
0.911	0.087	0.001	0.001
0.001	0.001	0.997	0.001
0.001	0.592	0.001	0.406
0.001	0.997	0.001	0.001
>RCCTAATC	16-RCCTAATC	7.933809	-17.366562	0	T:41.0(2.12%),B:367.9(0.79%),P:1e-7	Tpos:94.9,Tstd:55.1,Bpos:100.7,Bstd:59.6,StrandBias:0.5,Multiplicity:1.17
0.441	0.001	0.382	0.176
0.316	0.597	0.086	0.001
0.212	0.786	0.001	0.001
0.001	0.001	0.083	0.915
0.619	0.001	0.001	0.379
0.689	0.001	0.226	0.084
0.001	0.001	0.001	0.997
0.001	0.997	0.001	0.001
>TAGTACTA	17-TAGTACTA	6.042131	-16.894983	0	T:133.0(6.88%),B:1963.7(4.21%),P:1e-7	Tpos:92.3,Tstd:54.9,Bpos:99.7,Bstd:63.4,StrandBias:-0.1,Multiplicity:1.24
0.001	0.063	0.186	0.750
0.926	0.015	0.042	0.017
0.001	0.166	0.631	0.202
0.149	0.001	0.001	0.849
0.904	0.001	0.094	0.001
0.100	0.753	0.001	0.146
0.001	0.307	0.001	0.691
0.763	0.001	0.227	0.009
>TCTGAAWG	18-TCTGAAWG	7.161174	-14.869112	0	T:152.0(7.86%),B:2409.0(5.16%),P:1e-6	Tpos:93.6,Tstd:54.5,Bpos:99.2,Bstd:65.4,StrandBias:0.6,Multiplicity:1.19
0.001	0.001	0.001	0.997
0.001	0.997	0.001	0.001
0.001	0.001	0.001	0.997
0.145	0.001	0.853	0.001
0.743	0.255	0.001	0.001
0.933	0.065	0.001	0.001
0.483	0.136	0.001	0.379
0.001	0.001	0.997	0.001
>ATCSDATG	19-ATCSDATG	5.296016	-12.308698	0	T:282.0(14.58%),B:5247.0(11.25%),P:1e-5	Tpos:99.4,Tstd:55.8,Bpos:99.4,Bstd:63.0,StrandBias:0.0,Multiplicity:1.22
0.855	0.001	0.143	0.001
0.001	0.158	0.001	0.840
0.001	0.997	0.001	0.001
0.001	0.345	0.478	0.176
0.342	0.107	0.206	0.345
0.823	0.001	0.175	0.001
0.001	0.106	0.143	0.750
0.001	0.001	0.953	0.045
>GATGRTTA	20-GATGRTTA	7.400906	-7.798187	0	T:47.0(2.43%),B:664.0(1.42%),P:1e-3	Tpos:100.8,Tstd:56.2,Bpos:103.4,Bstd:62.5,StrandBias:-0.8,Multiplicity:1.47
0.001	0.320	0.678	0.001
0.997	0.001	0.001	0.001
0.001	0.001	0.001	0.997
0.001	0.001	0.997	0.001
0.430	0.001	0.568	0.001
0.001	0.001	0.001	0.997
0.001	0.001	0.001	0.997
0.911	0.087	0.001	0.001
>AAGGTATA	21-AAGGTATA	9.590913	-7.367476	0	T:19.0(0.98%),B:193.7(0.42%),P:1e-3	Tpos:108.9,Tstd:57.8,Bpos:95.7,Bstd:64.8,StrandBias:0.2,Multiplicity:1.44
0.997	0.001	0.001	0.001
0.997	0.001	0.001	0.001
0.001	0.001	0.997	0.001
0.001	0.001	0.997	0.001
0.001	0.001	0.228	0.770
0.997	0.001	0.001	0.001
0.001	0.001	0.001	0.997
0.997	0.001	0.001	0.001
>TATACACA	22-TATACACA	7.058091	-6.853003	0	T:125.0(6.46%),B:2272.4(4.87%),P:1e-2	Tpos:99.8,Tstd:57.4,Bpos:104.1,Bstd:77.5,StrandBias:0.2,Multiplicity:1.79
0.001	0.145	0.001	0.853
0.873	0.035	0.048	0.044
0.101	0.108	0.070	0.721
0.917	0.081	0.001	0.001
0.001	0.930	0.001	0.068
0.979	0.019	0.001	0.001
0.001	0.948	0.011	0.040
0.828	0.001	0.001	0.170
>ACTCGCGT	23-ACTCGCGT	8.592384	-6.167135	0	T:6.0(0.31%),B:31.7(0.07%),P:1e-2	Tpos:99.0,Tstd:63.2,Bpos:112.7,Bstd:61.5,StrandBias:2.3,Multiplicity:2.00
0.997	0.001	0.001	0.001
0.001	0.914	0.001	0.084
0.001	0.001	0.001	0.997
0.001	0.997	0.001	0.001
0.001	0.001	0.997	0.001
0.001	0.997	0.001	0.001
0.001	0.001	0.997	0.001
0.001	0.001	0.001	0.997
>GTTAGGGT	24-GTTAGGGT	6.774081	-3.025726	0	T:178.0(9.20%),B:3795.5(8.14%),P:1e-1	Tpos:102.0,Tstd:56.0,Bpos:101.8,Bstd:68.6,StrandBias:-0.2,Multiplicity:1.75
0.007	0.208	0.708	0.077
0.077	0.017	0.065	0.841
0.040	0.093	0.313	0.554
0.781	0.001	0.001	0.217
0.001	0.093	0.603	0.303
0.001	0.079	0.740	0.180
0.170	0.001	0.789	0.040
0.001	0.001	0.001	0.997
>TGGCTGGC	25-TGGCTGGC	8.989881	-1.414054	0	T:58.0(3.00%),B:1269.8(2.72%),P:1e0	Tpos:102.3,Tstd:53.7,Bpos:103.2,Bstd:63.7,StrandBias:0.1,Multiplicity:1.98
0.001	0.001	0.001	0.997
0.001	0.001	0.997	0.001
0.001	0.001	0.997	0.001
0.001	0.997	0.001	0.001
0.001	0.125	0.001	0.873
0.001	0.001	0.997	0.001
0.001	0.001	0.997	0.001
0.001	0.997	0.001	0.001
