>TATGACTCAT	1-TATGACTCAT	6.990061	-220.261374	0	T:249.0(12.87%),B:1176.3(2.52%),P:1e-95	Tpos:99.4,Tstd:47.5,Bpos:100.4,Bstd:66.2,StrandBias:-0.1,Multiplicity:1.13
0.175	0.153	0.260	0.413
0.555	0.125	0.200	0.120
0.020	0.016	0.025	0.939
0.094	0.051	0.694	0.161
0.858	0.068	0.028	0.046
0.062	0.531	0.350	0.057
0.084	0.037	0.054	0.825
0.148	0.775	0.052	0.025
0.882	0.005	0.058	0.055
0.087	0.265	0.147	0.501
>CABYAGRKGG	2-CABYAGRKGG	8.333777	-164.053292	0	T:227.0(11.74%),B:1306.2(2.80%),P:1e-71	Tpos:95.7,Tstd:43.1,Bpos:102.0,Bstd:63.1,StrandBias:0.4,Multiplicity:1.06
0.001	0.981	0.017	0.001
0.737	0.115	0.147	0.001
0.033	0.392	0.286	0.289
0.217	0.373	0.080	0.330
0.699	0.001	0.001	0.299
0.001	0.185	0.712	0.102
0.444	0.001	0.554	0.001
0.001	0.200	0.413	0.387
0.020	0.101	0.789	0.090
0.001	0.001	0.977	0.021
>CRCTTCCTST	3-CRCTTCCTST	6.650675	-81.261948	0	T:334.0(17.27%),B:3912.3(8.39%),P:1e-35	Tpos:101.9,Tstd:51.6,Bpos:99.0,Bstd:63.6,StrandBias:-0.2,Multiplicity:1.21
0.155	0.498	0.210	0.136
0.441	0.021	0.407	0.130
0.023	0.489	0.169	0.319
0.204	0.111	0.119	0.566
0.163	0.015	0.221	0.601
0.009	0.883	0.104	0.004
0.143	0.848	0.006	0.003
0.113	0.014	0.012	0.861
0.181	0.273	0.385	0.162
0.173	0.283	0.026	0.518
>CCATGGCAAC	4-CCATGGCAAC	8.507830	-39.782458	0	T:90.0(4.65%),B:758.7(1.63%),P:1e-17	Tpos:104.2,Tstd:50.0,Bpos:97.1,Bstd:62.7,StrandBias:0.2,Multiplicity:1.15
0.037	0.833	0.001	0.129
0.039	0.959	0.001	0.001
0.790	0.063	0.001	0.146
0.001	0.001	0.001	0.997
0.274	0.001	0.724	0.001
0.211	0.001	0.787	0.001
0.001	0.824	0.115	0.060
0.776	0.001	0.077	0.146
0.808	0.118	0.073	0.001
0.001	0.860	0.138	0.001
>TGTAAACAAT	5-TGTAAACAAT	7.900218	-34.111980	0	T:78.0(4.03%),B:664.2(1.42%),P:1e-14	Tpos:95.6,Tstd:51.6,Bpos:100.0,Bstd:61.2,StrandBias:0.3,Multiplicity:1.18
0.058	0.001	0.163	0.778
0.177	0.149	0.673	0.001
0.001	0.001	0.001	0.997
0.997	0.001	0.001	0.001
0.775	0.091	0.001	0.133
0.722	0.021	0.130	0.127
0.094	0.837	0.001	0.068
0.586	0.001	0.001	0.412
0.555	0.196	0.248	0.001
0.197	0.001	0.213	0.589
>NCNGGGCCYG	6-NCNGGGCCYG	5.133613	-24.753124	0	T:707.0(36.56%),B:13775.8(29.53%),P:1e-10	Tpos:101.7,Tstd:56.0,Bpos:100.8,Bstd:63.5,StrandBias:-0.1,Multiplicity:1.46
0.283	0.254	0.280	0.184
0.087	0.679	0.106	0.128
0.258	0.251	0.263	0.229
0.131	0.090	0.597	0.182
0.176	0.011	0.741	0.072
0.020	0.373	0.568	0.039
0.128	0.564	0.124	0.184
0.112	0.631	0.104	0.153
0.205	0.224	0.206	0.365
0.158	0.135	0.570	0.137
>TGATATCATC	7-TGATATCATC	7.678553	-24.680155	0	T:48.0(2.48%),B:372.2(0.80%),P:1e-10	Tpos:100.5,Tstd:54.0,Bpos:98.5,Bstd:67.3,StrandBias:0.0,Multiplicity:1.22
0.083	0.035	0.040	0.842
0.048	0.040	0.876	0.036
0.736	0.062	0.095	0.107
0.120	0.077	0.047	0.756
0.791	0.071	0.072	0.066
0.093	0.046	0.040	0.821
0.094	0.800	0.036	0.070
0.880	0.061	0.009	0.050
0.049	0.139	0.084	0.728
0.103	0.776	0.074	0.047
>TTCCAGAACA	8-TTCCAGAACA	10.432968	-17.074206	0	T:19.0(0.98%),B:95.4(0.20%),P:1e-7	Tpos:92.9,Tstd:58.2,Bpos:97.0,Bstd:57.7,StrandBias:3.3,Multiplicity:1.68
0.001	0.001	0.001	0.997
0.001	0.001	0.001	0.997
0.001	0.997	0.001	0.001
0.001	0.997	0.001	0.001
0.925	0.001	0.073	0.001
0.154	0.001	0.807	0.038
0.997	0.001	0.001	0.001
0.997	0.001	0.001	0.001
0.001	0.941	0.057	0.001
0.997	0.001	0.001	0.001
>ACAACTTCCT	9-ACAACTTCCT	10.335491	-16.380270	0	T:15.0(0.78%),B:61.5(0.13%),P:1e-7	Tpos:92.2,Tstd:51.6,Bpos:96.9,Bstd:62.2,StrandBias:0.1,Multiplicity:1.64
0.997	0.001	0.001	0.001
0.001	0.997	0.001	0.001
0.997	0.001	0.001	0.001
0.997	0.001	0.001	0.001
0.001	0.997	0.001	0.001
0.001	0.001	0.041	0.957
0.001	0.001	0.001	0.997
0.001	0.997	0.001	0.001
0.134	0.864	0.001	0.001
0.001	0.151	0.001	0.847
>AGCATCGGAA	10-AGCATCGGAA	9.769443	-15.558765	0	T:19.0(0.98%),B:105.7(0.23%),P:1e-6	Tpos:115.4,Tstd:55.6,Bpos:101.5,Bstd:73.3,StrandBias:1.8,Multiplicity:1.89
0.786	0.079	0.001	0.134
0.001	0.134	0.826	0.039
0.001	0.997	0.001	0.001
0.997	0.001	0.001	0.001
0.001	0.133	0.001	0.865
0.090	0.775	0.001	0.134
0.001	0.001	0.868	0.130
0.001	0.001	0.997	0.001
0.787	0.211	0.001	0.001
0.593	0.378	0.001	0.028
>TAGGGTCACG	11-TAGGGTCACG	11.523267	-15.318768	0	T:5.0(0.26%),B:3.4(0.01%),P:1e-6	Tpos:94.6,Tstd:50.4,Bpos:136.2,Bstd:33.7,StrandBias:2.2,Multiplicity:3.40
0.001	0.001	0.001	0.997
0.997	0.001	0.001	0.001
0.001	0.001	0.997	0.001
0.001	0.001	0.997	0.001
0.001	0.099	0.899	0.001
0.001	0.001	0.001	0.997
0.001	0.997	0.001	0.001
0.997	0.001	0.001	0.001
0.001	0.997	0.001	0.001
0.001	0.001	0.997	0.001
>TGACCTGTAG	12-TGACCTGTAG	11.050839	-14.100160	0	T:9.0(0.47%),B:23.9(0.05%),P:1e-6	Tpos:103.3,Tstd:49.1,Bpos:93.5,Bstd:60.1,StrandBias:2.0,Multiplicity:1.88
0.001	0.001	0.001	0.997
0.001	0.001	0.997	0.001
0.997	0.001	0.001	0.001
0.001	0.997	0.001	0.001
0.001	0.997	0.001	0.001
0.068	0.001	0.001	0.930
0.001	0.001	0.997	0.001
0.001	0.001	0.001	0.997
0.905	0.093	0.001	0.001
0.001	0.001	0.997	0.001
>TSTTATGGTR	13-TSTTATGGTR	10.596188	-13.773923	0	T:13.0(0.67%),B:56.2(0.12%),P:1e-5	Tpos:94.5,Tstd:54.0,Bpos:93.5,Bstd:66.8,StrandBias:0.0,Multiplicity:2.15
0.385	0.001	0.001	0.613
0.001	0.444	0.554	0.001
0.001	0.001	0.001	0.997
0.049	0.365	0.001	0.585
0.997	0.001	0.001	0.001
0.001	0.327	0.001	0.671
0.001	0.001	0.833	0.165
0.001	0.001	0.997	0.001
0.001	0.001	0.001	0.997
0.441	0.001	0.557	0.001
>AGACGTCACT	14-AGACGTCACT	6.928147	-12.513620	0	T:9.0(0.47%),B:28.8(0.06%),P:1e-5	Tpos:89.7,Tstd:63.1,Bpos:79.8,Bstd:61.5,StrandBias:1.5,Multiplicity:1.67
0.997	0.001	0.001	0.001
0.001	0.001	0.997	0.001
0.914	0.001	0.001	0.084
0.001	0.997	0.001	0.001
0.001	0.001	0.997	0.001
0.001	0.001	0.001	0.997
0.001	0.997	0.001	0.001
0.997	0.001	0.001	0.001
0.001	0.997	0.001	0.001
0.001	0.001	0.001	0.997
>CACTCATATA	15-CACTCATATA	6.669940	-12.072594	0	T:16.0(0.83%),B:98.1(0.21%),P:1e-5	Tpos:98.8,Tstd:53.8,Bpos:101.5,Bstd:78.4,StrandBias:0.9,Multiplicity:2.38
0.001	0.997	0.001	0.001
0.772	0.226	0.001	0.001
0.001	0.997	0.001	0.001
0.001	0.001	0.001	0.997
0.001	0.997	0.001	0.001
0.992	0.006	0.001	0.001
0.001	0.224	0.001	0.774
0.997	0.001	0.001	0.001
0.001	0.001	0.001	0.997
0.997	0.001	0.001	0.001
>TTGKTAGTAT	16-TTGKTAGTAT	11.138884	-11.955940	0	T:5.0(0.26%),B:6.7(0.01%),P:1e-5	Tpos:106.1,Tstd:57.3,Bpos:104.1,Bstd:64.4,StrandBias:0.6,Multiplicity:3.00
0.001	0.001	0.001	0.997
0.001	0.074	0.370	0.555
0.001	0.001	0.997	0.001
0.074	0.001	0.479	0.447
0.001	0.001	0.001	0.997
0.723	0.001	0.275	0.001
0.073	0.001	0.925	0.001
0.001	0.001	0.073	0.925
0.997	0.001	0.001	0.001
0.001	0.074	0.276	0.649
>ACCACCAACA	17-ACCACCAACA	8.883026	-11.932791	0	T:23.0(1.19%),B:187.4(0.40%),P:1e-5	Tpos:101.0,Tstd:55.5,Bpos:100.1,Bstd:67.7,StrandBias:0.6,Multiplicity:2.36
0.997	0.001	0.001	0.001
0.001	0.925	0.073	0.001
0.001	0.943	0.001	0.055
0.997	0.001	0.001	0.001
0.001	0.997	0.001	0.001
0.001	0.997	0.001	0.001
0.860	0.138	0.001	0.001
0.997	0.001	0.001	0.001
0.001	0.997	0.001	0.001
0.997	0.001	0.001	0.001
>ACATCCTCAT	18-ACATCCTCAT	10.688344	-11.912219	0	T:15.0(0.78%),B:88.1(0.19%),P:1e-5	Tpos:107.5,Tstd:50.0,Bpos:102.3,Bstd:75.7,StrandBias:1.7,Multiplicity:2.00
0.997	0.001	0.001	0.001
0.001	0.997	0.001	0.001
0.936	0.001	0.001	0.062
0.001	0.001	0.001	0.997
0.091	0.907	0.001	0.001
0.001	0.997	0.001	0.001
0.001	0.001	0.087	0.911
0.080	0.831	0.001	0.088
0.997	0.001	0.001	0.001
0.001	0.001	0.001	0.997
>TCGMRTGGRA	19-TCGMRTGGRA	11.459504	-9.613975	0	T:6.0(0.31%),B:16.6(0.04%),P:1e-4	Tpos:94.3,Tstd:55.1,Bpos:111.5,Bstd:41.8,StrandBias:10.0,Multiplicity:2.83
0.030	0.001	0.001	0.968
0.001	0.997	0.001	0.001
0.001	0.001	0.929	0.069
0.512	0.486	0.001	0.001
0.481	0.001	0.517	0.001
0.001	0.001	0.001	0.997
0.001	0.001	0.997	0.001
0.001	0.001	0.890	0.108
0.543	0.001	0.455	0.001
0.997	0.001	0.001	0.001
>TTACTACTTA	20-TTACTACTTA	10.296193	-5.728773	0	T:2.0(0.10%),B:2.2(0.00%),P:1e-2	Tpos:107.6,Tstd:60.1,Bpos:85.1,Bstd:66.7,StrandBias:10.0,Multiplicity:4.00
0.100	0.100	0.100	0.700
0.100	0.100	0.100	0.700
0.700	0.100	0.100	0.100
0.100	0.700	0.100	0.100
0.100	0.100	0.100	0.700
0.700	0.100	0.100	0.100
0.100	0.700	0.100	0.100
0.100	0.100	0.100	0.700
0.100	0.100	0.100	0.700
0.700	0.100	0.100	0.100
>TCACGACCTA	21-TCACGACCTA	10.296193	-5.728773	0	T:2.0(0.10%),B:2.6(0.01%),P:1e-2	Tpos:93.0,Tstd:54.0,Bpos:100.6,Bstd:49.4,StrandBias:10.0,Multiplicity:4.00
0.100	0.100	0.100	0.700
0.100	0.700	0.100	0.100
0.700	0.100	0.100	0.100
0.100	0.700	0.100	0.100
0.100	0.100	0.700	0.100
0.700	0.100	0.100	0.100
0.100	0.700	0.100	0.100
0.100	0.700	0.100	0.100
0.100	0.100	0.100	0.700
0.700	0.100	0.100	0.100
>TGAACCTTAC	22-TGAACCTTAC	11.410758	-5.720855	0	T:3.0(0.16%),B:7.1(0.02%),P:1e-2	Tpos:114.9,Tstd:52.0,Bpos:74.8,Bstd:59.1,StrandBias:3.2,Multiplicity:3.33
0.001	0.001	0.001	0.997
0.001	0.001	0.997	0.001
0.997	0.001	0.001	0.001
0.997	0.001	0.001	0.001
0.001	0.997	0.001	0.001
0.001	0.997	0.001	0.001
0.001	0.001	0.098	0.900
0.098	0.001	0.001	0.900
0.997	0.001	0.001	0.001
0.001	0.997	0.001	0.001
>TTGGCTGGCT	23-TTGGCTGGCT	13.471532	-4.007894	0	T:5.0(0.26%),B:36.5(0.08%),P:1e-1	Tpos:103.5,Tstd:50.4,Bpos:100.5,Bstd:66.6,StrandBias:-0.3,Multiplicity:6.20
0.001	0.269	0.001	0.729
0.001	0.001	0.001	0.997
0.001	0.001	0.997	0.001
0.001	0.001	0.997	0.001
0.001	0.997	0.001	0.001
0.001	0.001	0.048	0.950
0.001	0.001	0.997	0.001
0.001	0.001	0.997	0.001
0.001	0.997	0.001	0.001
0.001	0.001	0.001	0.997
>TAGGGTTAGG	24-TAGGGTTAGG	8.350283	-2.754472	0	T:24.0(1.24%),B:411.4(0.88%),P:1e-1	Tpos:105.4,Tstd:45.6,Bpos:98.5,Bstd:58.3,StrandBias:1.9,Multiplicity:1.75
0.100	0.100	0.100	0.700
0.700	0.100	0.100	0.100
0.100	0.100	0.700	0.100
0.100	0.100	0.700	0.100
0.100	0.100	0.700	0.100
0.100	0.100	0.100	0.700
0.100	0.100	0.100	0.700
0.700	0.100	0.100	0.100
0.100	0.100	0.700	0.100
0.100	0.100	0.700	0.100
>TTGAGGTAGT	25-TTGAGGTAGT	10.296193	-2.146083	0	T:1.0(0.05%),B:3.8(0.01%),P:1e0	Tpos:101.5,Tstd:52.7,Bpos:66.9,Bstd:39.0,StrandBias:10.0,Multiplicity:8.00
0.100	0.100	0.100	0.700
0.100	0.100	0.100	0.700
0.100	0.100	0.700	0.100
0.700	0.100	0.100	0.100
0.100	0.100	0.700	0.100
0.100	0.100	0.700	0.100
0.100	0.100	0.100	0.700
0.700	0.100	0.100	0.100
0.100	0.100	0.700	0.100
0.100	0.100	0.100	0.700
>CCACTAGGGGGC	1-CCACTAGGGGGC	8.742954	-287.530092	0	T:247.0(12.77%),B:840.1(1.80%),P:1e-124	Tpos:97.3,Tstd:40.2,Bpos:98.5,Bstd:61.9,StrandBias:0.0,Multiplicity:1.03
0.061	0.826	0.073	0.040
0.001	0.989	0.001	0.009
0.822	0.024	0.044	0.110
0.020	0.818	0.132	0.030
0.101	0.242	0.050	0.607
0.897	0.014	0.027	0.062
0.020	0.020	0.959	0.001
0.265	0.010	0.717	0.008
0.031	0.030	0.706	0.233
0.010	0.010	0.962	0.018
0.030	0.035	0.874	0.061
0.077	0.827	0.020	0.076
>ATGAGTCAYNNC	2-ATGAGTCAYNNC	7.735964	-219.005455	0	T:241.0(12.46%),B:1104.5(2.37%),P:1e-95	Tpos:99.5,Tstd:47.6,Bpos:99.4,Bstd:64.7,StrandBias:-0.0,Multiplicity:1.18
0.484	0.127	0.328	0.060
0.044	0.001	0.001	0.954
0.001	0.016	0.899	0.084
0.898	0.001	0.028	0.073
0.045	0.370	0.551	0.034
0.022	0.061	0.034	0.883
0.022	0.890	0.087	0.001
0.997	0.001	0.001	0.001
0.050	0.384	0.174	0.392
0.186	0.222	0.295	0.296
0.195	0.292	0.186	0.326
0.181	0.405	0.199	0.215
>AAAGAGGAAGTY	3-AAAGAGGAAGTY	10.191111	-67.769611	0	T:64.0(3.31%),B:244.8(0.52%),P:1e-29	Tpos:103.3,Tstd:46.3,Bpos:97.9,Bstd:61.4,StrandBias:-0.2,Multiplicity:1.05
0.783	0.071	0.145	0.001
0.803	0.127	0.038	0.032
0.997	0.001	0.001	0.001
0.095	0.074	0.765	0.066
0.917	0.031	0.051	0.001
0.001	0.001	0.997	0.001
0.081	0.001	0.917	0.001
0.997	0.001	0.001	0.001
0.810	0.001	0.031	0.158
0.026	0.032	0.879	0.063
0.031	0.284	0.001	0.684
0.057	0.298	0.222	0.423
>TCCCTGAGATAG	4-TCCCTGAGATAG	10.523585	-44.996812	0	T:11.0(0.57%),B:2.9(0.01%),P:1e-19	Tpos:97.1,Tstd:57.1,Bpos:70.5,Bstd:31.5,StrandBias:10.0,Multiplicity:1.64
0.001	0.001	0.001	0.997
0.001	0.997	0.001	0.001
0.001	0.997	0.001	0.001
0.001	0.997	0.001	0.001
0.001	0.001	0.001	0.997
0.002	0.235	0.762	0.001
0.997	0.001	0.001	0.001
0.001	0.053	0.945	0.001
0.997	0.001	0.001	0.001
0.002	0.001	0.001	0.996
0.997	0.001	0.001	0.001
0.183	0.001	0.815	0.001
>TTTCCAAAACAC	5-TTTCCAAAACAC	13.499248	-36.121304	0	T:8.0(0.41%),B:2.0(0.00%),P:1e-15	Tpos:93.2,Tstd:57.6,Bpos:117.2,Bstd:38.1,StrandBias:4.1,Multiplicity:2.25
0.236	0.001	0.001	0.762
0.071	0.001	0.001	0.927
0.001	0.001	0.001	0.997
0.001	0.997	0.001	0.001
0.001	0.997	0.001	0.001
0.927	0.001	0.001	0.071
0.762	0.001	0.236	0.001
0.997	0.001	0.001	0.001
0.997	0.001	0.001	0.001
0.001	0.997	0.001	0.001
0.997	0.001	0.001	0.001
0.071	0.927	0.001	0.001
>CAGTACCCACAC	6-CAGTACCCACAC	12.901273	-23.830371	0	T:16.0(0.83%),B:41.1(0.09%),P:1e-10	Tpos:101.6,Tstd:52.6,Bpos:94.0,Bstd:78.3,StrandBias:0.8,Multiplicity:2.38
0.187	0.811	0.001	0.001
0.997	0.001	0.001	0.001
0.001	0.401	0.596	0.002
0.001	0.407	0.001	0.591
0.997	0.001	0.001	0.001
0.001	0.997	0.001	0.001
0.001	0.997	0.001	0.001
0.187	0.811	0.001	0.001
0.997	0.001	0.001	0.001
0.002	0.622	0.188	0.188
0.997	0.001	0.001	0.001
0.187	0.811	0.001	0.001
>CAGCAGGGTGCA	7-CAGCAGGGTGCA	14.076753	-17.311722	0	T:5.0(0.26%),B:2.2(0.00%),P:1e-7	Tpos:120.4,Tstd:35.6,Bpos:126.9,Bstd:29.6,StrandBias:-2.0,Multiplicity:2.50
0.001	0.997	0.001	0.001
0.997	0.001	0.001	0.001
0.001	0.001	0.997	0.001
0.001	0.997	0.001	0.001
0.997	0.001	0.001	0.001
0.001	0.001	0.997	0.001
0.001	0.001	0.997	0.001
0.001	0.001	0.997	0.001
0.001	0.001	0.001	0.997
0.001	0.001	0.997	0.001
0.001	0.997	0.001	0.001
0.918	0.001	0.080	0.001
>CCCTCCTTRCTA	8-CCCTCCTTRCTA	12.027214	-17.311722	0	T:5.0(0.26%),B:2.5(0.01%),P:1e-7	Tpos:110.7,Tstd:60.2,Bpos:39.1,Bstd:11.3,StrandBias:2.2,Multiplicity:2.20
0.041	0.794	0.164	0.001
0.116	0.843	0.001	0.040
0.079	0.765	0.039	0.117
0.001	0.205	0.001	0.793
0.040	0.715	0.164	0.081
0.117	0.727	0.039	0.117
0.039	0.039	0.001	0.921
0.078	0.164	0.001	0.757
0.466	0.001	0.532	0.001
0.039	0.842	0.078	0.041
0.087	0.039	0.001	0.873
0.765	0.039	0.118	0.078
>YACTCGCGTGGG	9-YACTCGCGTGGG	15.399239	-15.946988	0	T:4.0(0.21%),B:0.0(0.00%),P:1e-6	Tpos:81.8,Tstd:61.3,Bpos:0.0,Bstd:0.0,StrandBias:10.0,Multiplicity:1.50
0.001	0.470	0.132	0.397
0.997	0.001	0.001	0.001
0.001	0.997	0.001	0.001
0.001	0.001	0.001	0.997
0.001	0.997	0.001	0.001
0.131	0.001	0.867	0.001
0.001	0.997	0.001	0.001
0.001	0.001	0.997	0.001
0.001	0.001	0.001	0.997
0.001	0.131	0.867	0.001
0.001	0.001	0.997	0.001
0.001	0.001	0.997	0.001
>CTGTCCAACCTG	10-CTGTCCAACCTG	12.355432	-13.207426	0	T:4.0(0.21%),B:2.4(0.01%),P:1e-5	Tpos:106.9,Tstd:72.6,Bpos:77.4,Bstd:80.7,StrandBias:10.0,Multiplicity:2.25
0.100	0.700	0.100	0.100
0.100	0.100	0.100	0.700
0.100	0.100	0.700	0.100
0.100	0.100	0.100	0.700
0.100	0.700	0.100	0.100
0.100	0.700	0.100	0.100
0.700	0.100	0.100	0.100
0.700	0.100	0.100	0.100
0.100	0.700	0.100	0.100
0.100	0.700	0.100	0.100
0.100	0.100	0.100	0.700
0.100	0.100	0.700	0.100
>AGTAGCCCTTTC	11-AGTAGCCCTTTC	11.675278	-13.207426	0	T:4.0(0.21%),B:2.9(0.01%),P:1e-5	Tpos:106.8,Tstd:56.7,Bpos:153.2,Bstd:14.6,StrandBias:2.3,Multiplicity:3.00
0.997	0.001	0.001	0.001
0.001	0.001	0.997	0.001
0.001	0.001	0.001	0.997
0.997	0.001	0.001	0.001
0.001	0.001	0.997	0.001
0.001	0.997	0.001	0.001
0.001	0.913	0.001	0.085
0.001	0.997	0.001	0.001
0.001	0.001	0.001	0.997
0.001	0.085	0.001	0.913
0.001	0.001	0.001	0.997
0.001	0.997	0.001	0.001
>STGTATGGATGT	12-STGTATGGATGT	13.416900	-11.955940	0	T:5.0(0.26%),B:6.7(0.01%),P:1e-5	Tpos:96.5,Tstd:60.0,Bpos:155.4,Bstd:43.0,StrandBias:-1.4,Multiplicity:2.20
0.001	0.432	0.480	0.087
0.005	0.001	0.001	0.993
0.278	0.001	0.720	0.001
0.003	0.090	0.001	0.906
0.997	0.001	0.001	0.001
0.001	0.001	0.001	0.997
0.007	0.001	0.991	0.001
0.373	0.003	0.617	0.007
0.616	0.003	0.380	0.001
0.019	0.001	0.001	0.979
0.086	0.001	0.912	0.001
0.001	0.001	0.001	0.997
>CACATCCTCATC	13-CACATCCTCATC	8.480780	-11.518542	0	T:78.0(4.03%),B:1116.1(2.39%),P:1e-5	Tpos:101.6,Tstd:53.5,Bpos:95.3,Bstd:71.1,StrandBias:0.5,Multiplicity:1.87
0.043	0.772	0.120	0.065
0.942	0.015	0.007	0.036
0.029	0.742	0.186	0.043
0.771	0.037	0.113	0.079
0.180	0.186	0.007	0.627
0.106	0.663	0.150	0.081
0.072	0.737	0.043	0.148
0.128	0.036	0.036	0.800
0.189	0.702	0.094	0.015
0.766	0.161	0.022	0.051
0.130	0.191	0.051	0.628
0.081	0.854	0.036	0.029
>GTGTGTGAGAGG	14-GTGTGTGAGAGG	14.227326	-9.325394	0	T:3.0(0.16%),B:2.9(0.01%),P:1e-4	Tpos:91.2,Tstd:54.7,Bpos:94.2,Bstd:62.0,StrandBias:1.2,Multiplicity:3.33
0.001	0.001	0.997	0.001
0.001	0.001	0.001	0.997
0.001	0.001	0.997	0.001
0.001	0.001	0.001	0.997
0.001	0.001	0.997	0.001
0.001	0.001	0.001	0.997
0.001	0.001	0.997	0.001
0.997	0.001	0.001	0.001
0.001	0.001	0.997	0.001
0.997	0.001	0.001	0.001
0.001	0.093	0.905	0.001
0.001	0.001	0.997	0.001
>AGCCARSCAAGC	15-AGCCARSCAAGC	13.128268	-7.421000	0	T:4.0(0.21%),B:9.7(0.02%),P:1e-3	Tpos:106.0,Tstd:51.1,Bpos:101.3,Bstd:64.3,StrandBias:0.1,Multiplicity:6.75
0.962	0.001	0.036	0.001
0.077	0.081	0.809	0.033
0.001	0.930	0.068	0.001
0.038	0.960	0.001	0.001
0.821	0.113	0.065	0.001
0.497	0.076	0.399	0.027
0.099	0.455	0.445	0.001
0.001	0.933	0.065	0.001
0.696	0.302	0.001	0.001
0.632	0.065	0.302	0.001
0.067	0.135	0.797	0.001
0.001	0.885	0.019	0.095
>TAGGGTTAGGGT	16-TAGGGTTAGGGT	13.383606	-7.087603	0	T:2.0(0.10%),B:1.4(0.00%),P:1e-3	Tpos:123.1,Tstd:36.2,Bpos:144.1,Bstd:36.5,StrandBias:10.0,Multiplicity:8.50
0.001	0.001	0.001	0.997
0.997	0.001	0.001	0.001
0.001	0.001	0.997	0.001
0.001	0.001	0.997	0.001
0.040	0.001	0.958	0.001
0.001	0.001	0.001	0.997
0.001	0.001	0.001	0.997
0.997	0.001	0.001	0.001
0.001	0.001	0.997	0.001
0.001	0.001	0.997	0.001
0.001	0.001	0.997	0.001
0.001	0.001	0.001	0.997
>GTTAGGKTCRTG	17-GTTAGGKTCRTG	15.218332	-7.087603	0	T:2.0(0.10%),B:0.0(0.00%),P:1e-3	Tpos:77.5,Tstd:31.5,Bpos:0.0,Bstd:0.0,StrandBias:10.0,Multiplicity:1.00
0.001	0.001	0.997	0.001
0.001	0.001	0.001	0.997
0.001	0.001	0.001	0.997
0.997	0.001	0.001	0.001
0.001	0.001	0.997	0.001
0.001	0.102	0.896	0.001
0.001	0.001	0.566	0.432
0.001	0.001	0.001	0.997
0.001	0.997	0.001	0.001
0.566	0.001	0.432	0.001
0.001	0.133	0.001	0.865
0.001	0.001	0.997	0.001
>GTTAGGGTCACG	18-GTTAGGGTCACG	16.552241	-7.087603	0	T:2.0(0.10%),B:0.0(0.00%),P:1e-3	Tpos:97.4,Tstd:52.3,Bpos:0.0,Bstd:0.0,StrandBias:10.0,Multiplicity:7.00
0.001	0.001	0.997	0.001
0.001	0.001	0.001	0.997
0.001	0.001	0.001	0.997
0.997	0.001	0.001	0.001
0.001	0.001	0.997	0.001
0.001	0.047	0.951	0.001
0.001	0.001	0.997	0.001
0.001	0.001	0.001	0.997
0.001	0.997	0.001	0.001
0.997	0.001	0.001	0.001
0.001	0.997	0.001	0.001
0.001	0.001	0.997	0.001
>TCGAATGGAATC	19-TCGAATGGAATC	15.830236	-7.087603	0	T:2.0(0.10%),B:0.0(0.00%),P:1e-3	Tpos:72.8,Tstd:55.6,Bpos:0.0,Bstd:0.0,StrandBias:10.0,Multiplicity:2.00
0.001	0.001	0.083	0.915
0.001	0.814	0.001	0.184
0.001	0.001	0.997	0.001
0.997	0.001	0.001	0.001
0.997	0.001	0.001	0.001
0.001	0.001	0.001	0.997
0.001	0.001	0.997	0.001
0.083	0.001	0.915	0.001
0.915	0.001	0.083	0.001
0.997	0.001	0.001	0.001
0.001	0.001	0.001	0.997
0.184	0.732	0.001	0.083
>TCAGTCCTCATT	20-TCAGTCCTCATT	13.712329	-7.087603	0	T:2.0(0.10%),B:0.0(0.00%),P:1e-3	Tpos:93.8,Tstd:53.1,Bpos:0.0,Bstd:0.0,StrandBias:3.6,Multiplicity:6.50
0.001	0.001	0.059	0.939
0.001	0.997	0.001	0.001
0.997	0.001	0.001	0.001
0.001	0.001	0.997	0.001
0.001	0.001	0.001	0.997
0.059	0.939	0.001	0.001
0.001	0.997	0.001	0.001
0.001	0.001	0.001	0.997
0.001	0.997	0.001	0.001
0.997	0.001	0.001	0.001
0.001	0.001	0.001	0.997
0.001	0.001	0.001	0.997
>GGGAAGGTATAG	21-GGGAAGGTATAG	12.355432	-7.087603	0	T:2.0(0.10%),B:0.6(0.00%),P:1e-3	Tpos:103.9,Tstd:53.4,Bpos:105.0,Bstd:0.0,StrandBias:-2.8,Multiplicity:4.00
0.100	0.100	0.700	0.100
0.100	0.100	0.700	0.100
0.100	0.100	0.700	0.100
0.700	0.100	0.100	0.100
0.700	0.100	0.100	0.100
0.100	0.100	0.700	0.100
0.100	0.100	0.700	0.100
0.100	0.100	0.100	0.700
0.700	0.100	0.100	0.100
0.100	0.100	0.100	0.700
0.700	0.100	0.100	0.100
0.100	0.100	0.700	0.100
>CCAGAGTCTGAA	22-CCAGAGTCTGAA	16.502661	-7.087603	0	T:2.0(0.10%),B:2.0(0.00%),P:1e-3	Tpos:94.6,Tstd:50.0,Bpos:122.8,Bstd:36.1,StrandBias:10.0,Multiplicity:4.00
0.001	0.997	0.001	0.001
0.001	0.997	0.001	0.001
0.997	0.001	0.001	0.001
0.001	0.001	0.997	0.001
0.997	0.001	0.001	0.001
0.093	0.001	0.905	0.001
0.001	0.001	0.001	0.997
0.001	0.997	0.001	0.001
0.001	0.001	0.001	0.997
0.001	0.001	0.997	0.001
0.997	0.001	0.001	0.001
0.997	0.001	0.001	0.001
>TGATATAYATAT	23-TGATATAYATAT	13.853610	-5.728773	0	T:2.0(0.10%),B:2.9(0.01%),P:1e-2	Tpos:99.3,Tstd:60.5,Bpos:40.4,Bstd:8.3,StrandBias:-0.4,Multiplicity:7.00
0.001	0.001	0.001	0.997
0.001	0.001	0.997	0.001
0.997	0.001	0.001	0.001
0.001	0.001	0.001	0.997
0.997	0.001	0.001	0.001
0.001	0.001	0.001	0.997
0.997	0.001	0.001	0.001
0.064	0.417	0.001	0.518
0.997	0.001	0.001	0.001
0.001	0.001	0.001	0.997
0.997	0.001	0.001	0.001
0.001	0.001	0.001	0.997
>CTCCCCAAAGAC	24-CTCCCCAAAGAC	12.355432	-5.728773	0	T:2.0(0.10%),B:2.8(0.01%),P:1e-2	Tpos:101.1,Tstd:49.8,Bpos:99.8,Bstd:9.8,StrandBias:10.0,Multiplicity:4.00
0.100	0.700	0.100	0.100
0.100	0.100	0.100	0.700
0.100	0.700	0.100	0.100
0.100	0.700	0.100	0.100
0.100	0.700	0.100	0.100
0.100	0.700	0.100	0.100
0.700	0.100	0.100	0.100
0.700	0.100	0.100	0.100
0.700	0.100	0.100	0.100
0.100	0.100	0.700	0.100
0.700	0.100	0.100	0.100
0.100	0.700	0.100	0.100
>ACCCTCTCCACA	25-ACCCTCTCCACA	10.409522	-3.656058	0	T:13.0(0.67%),B:168.7(0.36%),P:1e-1	Tpos:103.0,Tstd:63.5,Bpos:103.0,Bstd:61.1,StrandBias:1.9,Multiplicity:1.85
0.700	0.100	0.100	0.100
0.100	0.700	0.100	0.100
0.100	0.700	0.100	0.100
0.100	0.700	0.100	0.100
0.100	0.100	0.100	0.700
0.100	0.700	0.100	0.100
0.100	0.100	0.100	0.700
0.100	0.700	0.100	0.100
0.100	0.700	0.100	0.100
0.700	0.100	0.100	0.100
0.100	0.700	0.100	0.100
0.700	0.100	0.100	0.100
>ATGACTCA	1-ATGACTCA	9.169657	-207.431648	0	T:210.0(10.86%),B:871.8(1.87%),P:1e-90	Tpos:98.7,Tstd:48.4,Bpos:100.8,Bstd:66.4,StrandBias:-0.2,Multiplicity:1.11
0.631	0.125	0.243	0.001
0.001	0.001	0.001	0.997
0.004	0.001	0.981	0.014
0.997	0.001	0.001	0.001
0.010	0.731	0.251	0.008
0.009	0.001	0.003	0.987
0.034	0.964	0.001	0.001
0.997	0.001	0.001	0.001
>TGAGTCAC	2-TGAGTCAC	6.598914	-141.183136	0	T:326.0(16.86%),B:2819.2(6.04%),P:1e-61	Tpos:94.9,Tstd:50.4,Bpos:100.6,Bstd:67.6,StrandBias:-0.2,Multiplicity:1.16
0.001	0.001	0.001	0.997
0.038	0.001	0.702	0.259
0.945	0.053	0.001	0.001
0.038	0.326	0.594	0.042
0.039	0.001	0.001	0.959
0.172	0.664	0.111	0.053
0.914	0.040	0.001	0.045
0.001	0.464	0.242	0.293
>CGCCCCCT	3-CGCCCCCT	5.555139	-77.896056	0	T:391.0(20.22%),B:4996.0(10.71%),P:1e-33	Tpos:101.6,Tstd:49.2,Bpos:99.6,Bstd:62.2,StrandBias:-0.3,Multiplicity:1.12
0.001	0.889	0.001	0.109
0.001	0.001	0.997	0.001
0.001	0.997	0.001	0.001
0.038	0.960	0.001	0.001
0.120	0.878	0.001	0.001
0.001	0.680	0.001	0.318
0.001	0.997	0.001	0.001
0.001	0.001	0.001	0.997
>CAYTTCCT	4-CAYTTCCT	7.707004	-54.477379	0	T:276.0(14.27%),B:3500.9(7.50%),P:1e-23	Tpos:101.4,Tstd:51.5,Bpos:98.4,Bstd:62.3,StrandBias:-0.0,Multiplicity:1.19
0.158	0.649	0.090	0.103
0.795	0.001	0.203	0.001
0.001	0.489	0.001	0.509
0.174	0.001	0.001	0.824
0.001	0.001	0.001	0.997
0.001	0.997	0.001	0.001
0.001	0.997	0.001	0.001
0.001	0.001	0.001	0.997
>ACAGGAAG	5-ACAGGAAG	6.726657	-46.052585	0	T:519.0(26.84%),B:8515.3(18.25%),P:1e-20	Tpos:99.5,Tstd:54.0,Bpos:100.8,Bstd:65.6,StrandBias:0.0,Multiplicity:1.14
0.860	0.050	0.089	0.001
0.001	0.855	0.077	0.067
0.967	0.031	0.001	0.001
0.035	0.001	0.937	0.027
0.044	0.001	0.938	0.017
0.922	0.076	0.001	0.001
0.900	0.030	0.069	0.001
0.146	0.001	0.852	0.001
>GGCAATGC	6-GGCAATGC	4.437573	-35.904273	0	T:557.0(28.80%),B:9784.2(20.97%),P:1e-15	Tpos:101.7,Tstd:55.3,Bpos:100.2,Bstd:65.8,StrandBias:-0.1,Multiplicity:1.15
0.195	0.086	0.511	0.208
0.151	0.155	0.568	0.126
0.206	0.569	0.099	0.126
0.769	0.075	0.051	0.105
0.412	0.179	0.201	0.208
0.108	0.128	0.170	0.594
0.122	0.119	0.559	0.200
0.255	0.510	0.123	0.112
>TGYYATKG	7-TGYYATKG	6.907730	-25.859641	0	T:125.0(6.46%),B:1555.2(3.33%),P:1e-11	Tpos:103.8,Tstd:48.1,Bpos:101.6,Bstd:66.2,StrandBias:0.1,Multiplicity:1.18
0.001	0.278	0.001	0.720
0.265	0.011	0.499	0.224
0.012	0.483	0.001	0.504
0.008	0.415	0.049	0.528
0.997	0.001	0.001	0.001
0.061	0.335	0.044	0.560
0.186	0.049	0.402	0.363
0.001	0.054	0.944	0.001
>CAGAGCAG	8-CAGAGCAG	6.187358	-24.765194	0	T:673.0(34.80%),B:13003.1(27.87%),P:1e-10	Tpos:100.5,Tstd:56.7,Bpos:101.8,Bstd:67.5,StrandBias:0.1,Multiplicity:1.32
0.038	0.850	0.062	0.050
0.931	0.001	0.031	0.037
0.113	0.063	0.774	0.050
0.869	0.001	0.090	0.040
0.044	0.001	0.954	0.001
0.001	0.967	0.031	0.001
0.840	0.091	0.001	0.068
0.001	0.001	0.980	0.018
>GGCCCTGT	9-GGCCCTGT	6.549154	-24.706480	0	T:532.0(27.51%),B:9864.2(21.14%),P:1e-10	Tpos:97.8,Tstd:57.6,Bpos:100.5,Bstd:67.0,StrandBias:0.1,Multiplicity:1.33
0.042	0.017	0.940	0.001
0.001	0.001	0.922	0.076
0.001	0.908	0.066	0.025
0.001	0.855	0.026	0.118
0.001	0.972	0.001	0.026
0.001	0.069	0.019	0.911
0.001	0.045	0.871	0.083
0.042	0.055	0.135	0.768
>CGGGGCCT	10-CGGGGCCT	8.043546	-24.691387	0	T:148.0(7.65%),B:1993.5(4.27%),P:1e-10	Tpos:105.7,Tstd:55.1,Bpos:99.0,Bstd:57.8,StrandBias:0.1,Multiplicity:1.12
0.001	0.997	0.001	0.001
0.001	0.001	0.997	0.001
0.001	0.001	0.997	0.001
0.139	0.001	0.859	0.001
0.001	0.001	0.997	0.001
0.165	0.833	0.001	0.001
0.001	0.918	0.001	0.080
0.158	0.001	0.001	0.840
>GAMCAATC	11-GAMCAATC	2.778965	-24.346548	0	T:168.0(8.69%),B:2370.9(5.08%),P:1e-10	Tpos:107.1,Tstd:54.6,Bpos:98.6,Bstd:63.7,StrandBias:0.3,Multiplicity:1.14
0.001	0.295	0.567	0.137
0.997	0.001	0.001	0.001
0.563	0.435	0.001	0.001
0.001	0.997	0.001	0.001
0.683	0.001	0.315	0.001
0.997	0.001	0.001	0.001
0.001	0.001	0.001	0.997
0.001	0.779	0.219	0.001
>TTGTAWAC	12-TTGTAWAC	5.557846	-20.545773	0	T:55.0(2.84%),B:524.2(1.12%),P:1e-8	Tpos:92.7,Tstd:52.6,Bpos:101.0,Bstd:62.8,StrandBias:0.2,Multiplicity:1.13
0.001	0.019	0.001	0.979
0.263	0.240	0.001	0.495
0.001	0.001	0.997	0.001
0.001	0.001	0.001	0.997
0.997	0.001	0.001	0.001
0.571	0.001	0.001	0.427
0.997	0.001	0.001	0.001
0.001	0.997	0.001	0.001
>GTTATATC	13-GTTATATC	5.719573	-20.224362	0	T:277.0(14.32%),B:4681.3(10.03%),P:1e-8	Tpos:98.7,Tstd:54.0,Bpos:97.7,Bstd:65.5,StrandBias:-0.3,Multiplicity:1.17
0.310	0.001	0.640	0.049
0.001	0.001	0.001	0.997
0.001	0.001	0.286	0.712
0.766	0.001	0.197	0.036
0.073	0.254	0.055	0.618
0.625	0.001	0.338	0.036
0.001	0.001	0.001	0.997
0.053	0.805	0.116	0.026
>AACAGGCC	14-AACAGGCC	8.012328	-18.899942	0	T:228.0(11.79%),B:3746.4(8.03%),P:1e-8	Tpos:101.0,Tstd:55.6,Bpos:99.0,Bstd:65.8,StrandBias:0.4,Multiplicity:1.05
0.619	0.001	0.379	0.001
0.651	0.001	0.347	0.001
0.001	0.997	0.001	0.001
0.707	0.291	0.001	0.001
0.293	0.001	0.705	0.001
0.001	0.001	0.918	0.080
0.001	0.997	0.001	0.001
0.001	0.997	0.001	0.001
>GTGGAGCC	15-GTGGAGCC	8.106231	-17.841194	0	T:100.0(5.17%),B:1325.6(2.84%),P:1e-7	Tpos:98.6,Tstd:54.1,Bpos:100.5,Bstd:64.1,StrandBias:-0.1,Multiplicity:1.29
0.001	0.001	0.997	0.001
0.001	0.001	0.001	0.997
0.001	0.001	0.997	0.001
0.001	0.001	0.997	0.001
0.911	0.087	0.001	0.001
0.001	0.001	0.997	0.001
0.001	0.592	0.001	0.406
0.001	0.997	0.001	0.001
>RCCTAATC	16-RCCTAATC	7.933809	-17.366562	0	T:41.0(2.12%),B:367.9(0.79%),P:1e-7	Tpos:94.9,Tstd:55.1,Bpos:100.7,Bstd:59.6,StrandBias:0.5,Multiplicity:1.17
0.441	0.001	0.382	0.176
0.316	0.597	0.086	0.001
0.212	0.786	0.001	0.001
0.001	0.001	0.083	0.915
0.619	0.001	0.001	0.379
0.689	0.001	0.226	0.084
0.001	0.001	0.001	0.997
0.001	0.997	0.001	0.001
>TAGTACTA	17-TAGTACTA	6.042131	-16.894983	0	T:133.0(6.88%),B:1963.7(4.21%),P:1e-7	Tpos:92.3,Tstd:54.9,Bpos:99.7,Bstd:63.4,StrandBias:-0.1,Multiplicity:1.24
0.001	0.063	0.186	0.750
0.926	0.015	0.042	0.017
0.001	0.166	0.631	0.202
0.149	0.001	0.001	0.849
0.904	0.001	0.094	0.001
0.100	0.753	0.001	0.146
0.001	0.307	0.001	0.691
0.763	0.001	0.227	0.009
>TCTGAAWG	18-TCTGAAWG	7.161174	-14.869112	0	T:152.0(7.86%),B:2409.0(5.16%),P:1e-6	Tpos:93.6,Tstd:54.5,Bpos:99.2,Bstd:65.4,StrandBias:0.6,Multiplicity:1.19
0.001	0.001	0.001	0.997
0.001	0.997	0.001	0.001
0.001	0.001	0.001	0.997
0.145	0.001	0.853	0.001
0.743	0.255	0.001	0.001
0.933	0.065	0.001	0.001
0.483	0.136	0.001	0.379
0.001	0.001	0.997	0.001
>ATCSDATG	19-ATCSDATG	5.296016	-12.308698	0	T:282.0(14.58%),B:5247.0(11.25%),P:1e-5	Tpos:99.4,Tstd:55.8,Bpos:99.4,Bstd:63.0,StrandBias:0.0,Multiplicity:1.22
0.855	0.001	0.143	0.001
0.001	0.158	0.001	0.840
0.001	0.997	0.001	0.001
0.001	0.345	0.478	0.176
0.342	0.107	0.206	0.345
0.823	0.001	0.175	0.001
0.001	0.106	0.143	0.750
0.001	0.001	0.953	0.045
>GATGRTTA	20-GATGRTTA	7.400906	-7.798187	0	T:47.0(2.43%),B:664.0(1.42%),P:1e-3	Tpos:100.8,Tstd:56.2,Bpos:103.4,Bstd:62.5,StrandBias:-0.8,Multiplicity:1.47
0.001	0.320	0.678	0.001
0.997	0.001	0.001	0.001
0.001	0.001	0.001	0.997
0.001	0.001	0.997	0.001
0.430	0.001	0.568	0.001
0.001	0.001	0.001	0.997
0.001	0.001	0.001	0.997
0.911	0.087	0.001	0.001
>AAGGTATA	21-AAGGTATA	9.590913	-7.367476	0	T:19.0(0.98%),B:193.7(0.42%),P:1e-3	Tpos:108.9,Tstd:57.8,Bpos:95.7,Bstd:64.8,StrandBias:0.2,Multiplicity:1.44
0.997	0.001	0.001	0.001
0.997	0.001	0.001	0.001
0.001	0.001	0.997	0.001
0.001	0.001	0.997	0.001
0.001	0.001	0.228	0.770
0.997	0.001	0.001	0.001
0.001	0.001	0.001	0.997
0.997	0.001	0.001	0.001
>TATACACA	22-TATACACA	7.058091	-6.853003	0	T:125.0(6.46%),B:2272.4(4.87%),P:1e-2	Tpos:99.8,Tstd:57.4,Bpos:104.1,Bstd:77.5,StrandBias:0.2,Multiplicity:1.79
0.001	0.145	0.001	0.853
0.873	0.035	0.048	0.044
0.101	0.108	0.070	0.721
0.917	0.081	0.001	0.001
0.001	0.930	0.001	0.068
0.979	0.019	0.001	0.001
0.001	0.948	0.011	0.040
0.828	0.001	0.001	0.170
>ACTCGCGT	23-ACTCGCGT	8.592384	-6.167135	0	T:6.0(0.31%),B:31.7(0.07%),P:1e-2	Tpos:99.0,Tstd:63.2,Bpos:112.7,Bstd:61.5,StrandBias:2.3,Multiplicity:2.00
0.997	0.001	0.001	0.001
0.001	0.914	0.001	0.084
0.001	0.001	0.001	0.997
0.001	0.997	0.001	0.001
0.001	0.001	0.997	0.001
0.001	0.997	0.001	0.001
0.001	0.001	0.997	0.001
0.001	0.001	0.001	0.997
>GTTAGGGT	24-GTTAGGGT	6.774081	-3.025726	0	T:178.0(9.20%),B:3795.5(8.14%),P:1e-1	Tpos:102.0,Tstd:56.0,Bpos:101.8,Bstd:68.6,StrandBias:-0.2,Multiplicity:1.75
0.007	0.208	0.708	0.077
0.077	0.017	0.065	0.841
0.040	0.093	0.313	0.554
0.781	0.001	0.001	0.217
0.001	0.093	0.603	0.303
0.001	0.079	0.740	0.180
0.170	0.001	0.789	0.040
0.001	0.001	0.001	0.997
>TGGCTGGC	25-TGGCTGGC	8.989881	-1.414054	0	T:58.0(3.00%),B:1269.8(2.72%),P:1e0	Tpos:102.3,Tstd:53.7,Bpos:103.2,Bstd:63.7,StrandBias:0.1,Multiplicity:1.98
0.001	0.001	0.001	0.997
0.001	0.001	0.997	0.001
0.001	0.001	0.997	0.001
0.001	0.997	0.001	0.001
0.001	0.125	0.001	0.873
0.001	0.001	0.997	0.001
0.001	0.001	0.997	0.001
0.001	0.997	0.001	0.001
