>ATTCCATTCCAT	6-ATTCCATTCCAT	9.798644	-66.239092	0	T:37.0(2.27%),B:77.5(0.16%),P:1e-28
0.830	0.035	0.017	0.118
0.017	0.087	0.108	0.788
0.017	0.001	0.034	0.948
0.087	0.809	0.052	0.052
0.070	0.752	0.073	0.105
0.896	0.017	0.035	0.052
0.017	0.070	0.073	0.840
0.035	0.017	0.001	0.947
0.104	0.736	0.035	0.125
0.104	0.508	0.212	0.176
0.754	0.052	0.052	0.142
0.070	0.100	0.125	0.705
