>ACTTCCTCTTTT	1-ACTTCCTCTTTT	8.423902	-878.173627	0	T:939.0(24.13%),B:2103.3(4.63%),P:1e-381	Tpos:98.0,Tstd:46.5,Bpos:100.6,Bstd:58.6,StrandBias:0.1,Multiplicity:1.19
0.578	0.087	0.227	0.108
0.001	0.690	0.212	0.097
0.049	0.001	0.001	0.949
0.001	0.001	0.001	0.997
0.001	0.996	0.002	0.001
0.001	0.798	0.001	0.200
0.002	0.311	0.128	0.559
0.003	0.552	0.191	0.254
0.209	0.124	0.011	0.656
0.063	0.051	0.047	0.839
0.108	0.178	0.039	0.675
0.091	0.262	0.167	0.480
>NNYTGTGGTTWN	2-NNYTGTGGTTWN	7.321628	-545.617741	0	T:978.0(25.13%),B:3520.8(7.76%),P:1e-236	Tpos:102.0,Tstd:49.4,Bpos:100.7,Bstd:63.7,StrandBias:-0.2,Multiplicity:1.21
0.218	0.221	0.229	0.332
0.199	0.268	0.223	0.311
0.095	0.380	0.063	0.462
0.091	0.001	0.057	0.851
0.001	0.001	0.997	0.001
0.040	0.067	0.001	0.892
0.001	0.001	0.997	0.001
0.004	0.028	0.967	0.001
0.001	0.175	0.054	0.770
0.123	0.235	0.085	0.557
0.275	0.070	0.251	0.404
0.262	0.288	0.271	0.179
>CCACYAGGGGGC	3-CCACYAGGGGGC	9.230388	-414.433257	0	T:341.0(8.76%),B:517.2(1.14%),P:1e-179	Tpos:100.2,Tstd:39.9,Bpos:101.2,Bstd:60.3,StrandBias:-0.1,Multiplicity:1.02
0.084	0.757	0.099	0.060
0.007	0.985	0.007	0.001
0.704	0.071	0.122	0.103
0.030	0.721	0.242	0.007
0.159	0.354	0.042	0.445
0.722	0.063	0.116	0.099
0.014	0.001	0.941	0.044
0.389	0.001	0.584	0.026
0.035	0.007	0.688	0.270
0.058	0.007	0.888	0.047
0.049	0.026	0.852	0.073
0.226	0.678	0.040	0.056
>NNHNAGATAAMN	4-NNHNAGATAAMN	3.178542	-214.374444	0	T:610.0(15.67%),B:2854.9(6.29%),P:1e-93	Tpos:99.4,Tstd:48.8,Bpos:99.5,Bstd:61.5,StrandBias:0.1,Multiplicity:1.12
0.274	0.206	0.231	0.289
0.173	0.218	0.303	0.306
0.293	0.317	0.001	0.389
0.303	0.245	0.188	0.264
0.997	0.001	0.001	0.001
0.001	0.001	0.997	0.001
0.997	0.001	0.001	0.001
0.001	0.001	0.001	0.997
0.997	0.001	0.001	0.001
0.997	0.001	0.001	0.001
0.289	0.349	0.174	0.188
0.265	0.230	0.303	0.202
>NBDGAGGAAGTD	5-NBDGAGGAAGTD	8.176236	-202.412572	0	T:573.0(14.72%),B:2666.7(5.88%),P:1e-87	Tpos:100.7,Tstd:49.9,Bpos:99.2,Bstd:62.1,StrandBias:0.0,Multiplicity:1.09
0.274	0.188	0.286	0.252
0.001	0.276	0.358	0.364
0.379	0.001	0.277	0.343
0.260	0.188	0.431	0.121
0.640	0.001	0.358	0.001
0.001	0.001	0.997	0.001
0.001	0.001	0.997	0.001
0.796	0.202	0.001	0.001
0.997	0.001	0.001	0.001
0.229	0.245	0.525	0.001
0.038	0.001	0.001	0.960
0.253	0.146	0.349	0.253
>WGMTGASTCATN	6-WGMTGASTCATN	7.722100	-177.811531	0	T:382.0(9.82%),B:1482.9(3.27%),P:1e-77	Tpos:101.6,Tstd:50.4,Bpos:100.4,Bstd:64.0,StrandBias:0.1,Multiplicity:1.08
0.310	0.001	0.256	0.433
0.246	0.179	0.457	0.118
0.455	0.361	0.183	0.001
0.079	0.001	0.001	0.919
0.093	0.065	0.749	0.093
0.866	0.001	0.001	0.132
0.066	0.417	0.429	0.088
0.108	0.001	0.001	0.890
0.001	0.997	0.001	0.001
0.997	0.001	0.001	0.001
0.001	0.206	0.294	0.499
0.284	0.272	0.176	0.268
>TTATCTTATCAG	7-TTATCTTATCAG	7.321089	-84.595993	0	T:339.0(8.71%),B:1851.6(4.08%),P:1e-36	Tpos:101.2,Tstd:50.0,Bpos:100.3,Bstd:61.5,StrandBias:0.2,Multiplicity:1.07
0.067	0.077	0.057	0.799
0.088	0.093	0.108	0.711
0.660	0.129	0.069	0.142
0.062	0.111	0.063	0.764
0.063	0.759	0.081	0.097
0.066	0.063	0.027	0.844
0.086	0.119	0.091	0.704
0.680	0.119	0.068	0.133
0.097	0.057	0.069	0.777
0.062	0.798	0.075	0.065
0.788	0.022	0.026	0.164
0.084	0.091	0.719	0.106
>TTACCACATCCT	8-TTACCACATCCT	12.384551	-71.882675	0	T:36.0(0.92%),B:24.9(0.05%),P:1e-31	Tpos:105.0,Tstd:51.4,Bpos:105.3,Bstd:51.9,StrandBias:-0.7,Multiplicity:1.00
0.044	0.001	0.001	0.954
0.045	0.001	0.387	0.567
0.703	0.295	0.001	0.001
0.001	0.997	0.001	0.001
0.001	0.997	0.001	0.001
0.954	0.001	0.001	0.044
0.001	0.997	0.001	0.001
0.997	0.001	0.001	0.001
0.001	0.001	0.001	0.997
0.001	0.909	0.045	0.045
0.001	0.997	0.001	0.001
0.001	0.044	0.001	0.954
>CTTTGCGGTTGA	9-CTTTGCGGTTGA	11.883503	-64.110000	0	T:20.0(0.51%),B:4.3(0.01%),P:1e-27	Tpos:86.8,Tstd:39.7,Bpos:127.8,Bstd:30.3,StrandBias:-0.7,Multiplicity:1.00
0.161	0.677	0.081	0.081
0.001	0.160	0.001	0.838
0.007	0.001	0.322	0.670
0.001	0.001	0.001	0.997
0.001	0.001	0.997	0.001
0.001	0.918	0.001	0.080
0.083	0.169	0.741	0.007
0.001	0.001	0.918	0.080
0.001	0.080	0.001	0.918
0.001	0.001	0.168	0.830
0.001	0.001	0.757	0.241
0.838	0.001	0.001	0.160
>AGATAAGCACAA	10-AGATAAGCACAA	8.948879	-61.792412	0	T:114.0(2.93%),B:396.1(0.87%),P:1e-26	Tpos:96.9,Tstd:51.5,Bpos:103.6,Bstd:59.5,StrandBias:-0.1,Multiplicity:1.01
0.898	0.001	0.043	0.058
0.016	0.070	0.902	0.012
0.910	0.032	0.023	0.035
0.071	0.032	0.084	0.813
0.871	0.023	0.059	0.047
0.918	0.012	0.035	0.035
0.110	0.081	0.728	0.081
0.087	0.805	0.061	0.047
0.840	0.078	0.001	0.081
0.074	0.691	0.151	0.084
0.868	0.062	0.035	0.035
0.758	0.105	0.070	0.067
>TAATCCTCCTCA	11-TAATCCTCCTCA	13.450401	-48.532102	0	T:15.0(0.39%),B:3.5(0.01%),P:1e-21	Tpos:96.2,Tstd:59.9,Bpos:99.1,Bstd:49.5,StrandBias:0.2,Multiplicity:1.00
0.001	0.001	0.001	0.997
0.997	0.001	0.001	0.001
0.951	0.001	0.001	0.047
0.001	0.001	0.001	0.997
0.001	0.951	0.047	0.001
0.001	0.997	0.001	0.001
0.001	0.001	0.001	0.997
0.001	0.997	0.001	0.001
0.001	0.997	0.001	0.001
0.001	0.001	0.001	0.997
0.001	0.951	0.001	0.047
0.997	0.001	0.001	0.001
>ACCCTTATCAGT	12-ACCCTTATCAGT	13.113135	-48.144544	0	T:16.0(0.41%),B:4.7(0.01%),P:1e-20	Tpos:87.6,Tstd:53.7,Bpos:69.3,Bstd:89.3,StrandBias:-0.8,Multiplicity:1.47
0.997	0.001	0.001	0.001
0.040	0.919	0.040	0.001
0.001	0.997	0.001	0.001
0.001	0.997	0.001	0.001
0.001	0.001	0.001	0.997
0.001	0.001	0.001	0.997
0.997	0.001	0.001	0.001
0.039	0.001	0.001	0.959
0.040	0.880	0.040	0.040
0.959	0.001	0.039	0.001
0.001	0.001	0.997	0.001
0.001	0.001	0.001	0.997
>GCACAGACCATT	13-GCACAGACCATT	12.801851	-46.187889	0	T:18.0(0.46%),B:8.0(0.02%),P:1e-20	Tpos:102.5,Tstd:62.9,Bpos:100.5,Bstd:53.1,StrandBias:0.0,Multiplicity:1.00
0.001	0.135	0.726	0.138
0.001	0.725	0.273	0.001
0.864	0.001	0.134	0.001
0.001	0.997	0.001	0.001
0.997	0.001	0.001	0.001
0.001	0.001	0.997	0.001
0.729	0.135	0.135	0.001
0.001	0.997	0.001	0.001
0.135	0.729	0.001	0.135
0.678	0.320	0.001	0.001
0.134	0.001	0.001	0.864
0.001	0.001	0.001	0.997
>TGTGATCTTCGA	14-TGTGATCTTCGA	9.771678	-41.320065	0	T:12.0(0.31%),B:2.6(0.01%),P:1e-17	Tpos:106.1,Tstd:60.4,Bpos:101.0,Bstd:53.3,StrandBias:-0.3,Multiplicity:1.50
0.001	0.001	0.001	0.997
0.001	0.001	0.997	0.001
0.001	0.001	0.001	0.997
0.001	0.001	0.997	0.001
0.997	0.001	0.001	0.001
0.001	0.001	0.001	0.997
0.001	0.997	0.001	0.001
0.001	0.001	0.001	0.997
0.014	0.001	0.001	0.984
0.001	0.714	0.001	0.284
0.001	0.001	0.997	0.001
0.728	0.001	0.001	0.270
>ATCAAGACAATA	15-ATCAAGACAATA	13.716907	-41.320065	0	T:12.0(0.31%),B:2.0(0.00%),P:1e-17	Tpos:101.7,Tstd:51.1,Bpos:36.0,Bstd:0.0,StrandBias:-1.0,Multiplicity:1.00
0.929	0.069	0.001	0.001
0.001	0.001	0.001	0.997
0.001	0.997	0.001	0.001
0.997	0.001	0.001	0.001
0.997	0.001	0.001	0.001
0.001	0.001	0.997	0.001
0.929	0.001	0.069	0.001
0.001	0.929	0.001	0.069
0.997	0.001	0.001	0.001
0.929	0.001	0.069	0.001
0.001	0.001	0.001	0.997
0.997	0.001	0.001	0.001
>TTCCTSHTTMWG	16-TTCCTSHTTMWG	10.108474	-40.374020	0	T:38.0(0.98%),B:71.1(0.16%),P:1e-17	Tpos:83.8,Tstd:43.9,Bpos:119.3,Bstd:45.6,StrandBias:1.2,Multiplicity:1.18
0.062	0.070	0.084	0.784
0.167	0.197	0.060	0.576
0.041	0.836	0.049	0.074
0.061	0.851	0.015	0.073
0.087	0.091	0.029	0.793
0.092	0.430	0.298	0.180
0.317	0.358	0.021	0.304
0.296	0.081	0.034	0.589
0.046	0.261	0.257	0.436
0.401	0.538	0.029	0.032
0.409	0.020	0.025	0.546
0.073	0.064	0.806	0.057
>TATCTGTKGCTA	17-TATCTGTKGCTA	9.213455	-39.812506	0	T:19.0(0.49%),B:12.4(0.03%),P:1e-17	Tpos:97.3,Tstd:41.9,Bpos:118.2,Bstd:48.1,StrandBias:0.6,Multiplicity:1.21
0.171	0.202	0.098	0.529
0.682	0.177	0.140	0.001
0.080	0.059	0.212	0.649
0.123	0.829	0.001	0.047
0.098	0.001	0.012	0.889
0.090	0.147	0.549	0.214
0.109	0.001	0.204	0.686
0.152	0.051	0.352	0.444
0.218	0.115	0.495	0.172
0.151	0.555	0.147	0.147
0.258	0.231	0.001	0.510
0.432	0.142	0.154	0.273
>TTBCTGTTTCTC	18-TTBCTGTTTCTC	8.817870	-38.351938	0	T:237.0(6.09%),B:1535.6(3.38%),P:1e-16	Tpos:95.8,Tstd:56.2,Bpos:97.5,Bstd:60.1,StrandBias:0.3,Multiplicity:1.13
0.056	0.078	0.013	0.853
0.042	0.230	0.001	0.727
0.012	0.408	0.261	0.319
0.241	0.610	0.001	0.148
0.040	0.012	0.037	0.911
0.024	0.401	0.574	0.001
0.012	0.013	0.037	0.938
0.126	0.009	0.021	0.844
0.098	0.046	0.050	0.806
0.058	0.699	0.210	0.033
0.065	0.021	0.001	0.913
0.034	0.697	0.059	0.210
>CTTGCCGCTGCA	19-CTTGCCGCTGCA	13.635446	-36.142475	0	T:15.0(0.39%),B:7.4(0.02%),P:1e-15	Tpos:108.9,Tstd:43.6,Bpos:122.4,Bstd:61.8,StrandBias:0.0,Multiplicity:1.08
0.001	0.997	0.001	0.001
0.001	0.001	0.001	0.997
0.001	0.416	0.001	0.582
0.001	0.001	0.997	0.001
0.001	0.997	0.001	0.001
0.151	0.847	0.001	0.001
0.001	0.001	0.997	0.001
0.001	0.997	0.001	0.001
0.001	0.001	0.001	0.997
0.001	0.001	0.997	0.001
0.001	0.582	0.001	0.416
0.997	0.001	0.001	0.001
>AGGGCGGGGCCG	20-AGGGCGGGGCCG	8.558141	-32.575156	0	T:328.0(8.43%),B:2457.2(5.41%),P:1e-14	Tpos:101.9,Tstd:55.8,Bpos:96.3,Bstd:56.7,StrandBias:-0.4,Multiplicity:1.16
0.731	0.086	0.064	0.119
0.039	0.001	0.959	0.001
0.001	0.001	0.992	0.006
0.134	0.004	0.861	0.001
0.247	0.621	0.001	0.131
0.084	0.001	0.674	0.241
0.007	0.001	0.839	0.153
0.153	0.042	0.752	0.053
0.022	0.001	0.976	0.001
0.101	0.607	0.181	0.111
0.183	0.507	0.150	0.160
0.076	0.240	0.516	0.168
>TGTTATCACAGT	21-TGTTATCACAGT	11.614654	-25.799684	0	T:7.0(0.18%),B:1.2(0.00%),P:1e-11	Tpos:99.8,Tstd:53.2,Bpos:81.2,Bstd:33.1,StrandBias:2.2,Multiplicity:2.43
0.001	0.001	0.001	0.997
0.001	0.001	0.997	0.001
0.272	0.001	0.001	0.726
0.001	0.001	0.001	0.997
0.973	0.001	0.001	0.025
0.001	0.001	0.001	0.997
0.001	0.997	0.001	0.001
0.997	0.001	0.001	0.001
0.001	0.997	0.001	0.001
0.997	0.001	0.001	0.001
0.001	0.001	0.997	0.001
0.001	0.001	0.001	0.997
>CAGAGGAGCTTC	22-CAGAGGAGCTTC	13.681465	-18.258835	0	T:7.0(0.18%),B:3.9(0.01%),P:1e-7	Tpos:98.9,Tstd:61.6,Bpos:68.9,Bstd:48.9,StrandBias:-1.3,Multiplicity:2.00
0.001	0.937	0.001	0.061
0.997	0.001	0.001	0.001
0.061	0.001	0.937	0.001
0.997	0.001	0.001	0.001
0.001	0.001	0.997	0.001
0.001	0.001	0.997	0.001
0.997	0.001	0.001	0.001
0.001	0.001	0.997	0.001
0.001	0.997	0.001	0.001
0.001	0.001	0.001	0.997
0.061	0.001	0.001	0.937
0.001	0.997	0.001	0.001
>ACAAAGGGCCAC	23-ACAAAGGGCCAC	15.084934	-7.732247	0	T:4.0(0.10%),B:4.4(0.01%),P:1e-3	Tpos:119.3,Tstd:47.6,Bpos:123.5,Bstd:44.9,StrandBias:3.2,Multiplicity:2.50
0.997	0.001	0.001	0.001
0.001	0.997	0.001	0.001
0.997	0.001	0.001	0.001
0.714	0.284	0.001	0.001
0.795	0.001	0.203	0.001
0.001	0.001	0.997	0.001
0.018	0.001	0.980	0.001
0.001	0.001	0.997	0.001
0.001	0.982	0.001	0.016
0.001	0.997	0.001	0.001
0.997	0.001	0.001	0.001
0.001	0.997	0.001	0.001
>TGTGGTAGAGGT	24-TGTGGTAGAGGT	10.464922	-7.210034	0	T:3.0(0.08%),B:2.3(0.01%),P:1e-3	Tpos:96.1,Tstd:55.4,Bpos:85.4,Bstd:53.7,StrandBias:10.0,Multiplicity:3.00
0.126	0.074	0.115	0.685
0.075	0.099	0.715	0.111
0.120	0.071	0.122	0.687
0.107	0.063	0.719	0.111
0.124	0.108	0.640	0.128
0.137	0.142	0.157	0.564
0.653	0.074	0.138	0.135
0.135	0.098	0.683	0.084
0.692	0.083	0.110	0.115
0.127	0.057	0.692	0.124
0.128	0.124	0.640	0.108
0.130	0.118	0.123	0.629
>CTACAGCCAGCA	25-CTACAGCCAGCA	12.355432	-4.333212	0	T:2.0(0.05%),B:2.9(0.01%),P:1e-1	Tpos:104.6,Tstd:60.0,Bpos:187.5,Bstd:5.4,StrandBias:10.0,Multiplicity:4.00
0.100	0.700	0.100	0.100
0.100	0.100	0.100	0.700
0.700	0.100	0.100	0.100
0.100	0.700	0.100	0.100
0.700	0.100	0.100	0.100
0.100	0.100	0.700	0.100
0.100	0.700	0.100	0.100
0.100	0.700	0.100	0.100
0.700	0.100	0.100	0.100
0.100	0.100	0.700	0.100
0.100	0.700	0.100	0.100
0.700	0.100	0.100	0.100
