>GAGGAAGT	1-GAGGAAGT	7.835295	-564.308353	0	T:965.0(24.79%),B:3347.8(7.38%),P:1e-245	Tpos:101.7,Tstd:48.9,Bpos:99.5,Bstd:63.0,StrandBias:-0.0,Multiplicity:1.16
0.114	0.107	0.769	0.010
0.838	0.004	0.157	0.001
0.001	0.001	0.997	0.001
0.001	0.001	0.997	0.001
0.997	0.001	0.001	0.001
0.987	0.001	0.001	0.011
0.026	0.069	0.904	0.001
0.001	0.085	0.027	0.887
>WAACCACA	2-WAACCACA	7.409759	-513.710513	0	T:777.0(19.96%),B:2392.1(5.27%),P:1e-223	Tpos:102.3,Tstd:48.7,Bpos:98.2,Bstd:65.4,StrandBias:0.1,Multiplicity:1.18
0.363	0.119	0.023	0.495
0.790	0.021	0.132	0.057
0.979	0.011	0.009	0.001
0.001	0.997	0.001	0.001
0.001	0.995	0.003	0.001
0.967	0.001	0.015	0.017
0.001	0.992	0.001	0.006
0.959	0.013	0.002	0.026
>AAACCACA	3-AAACCACA	6.133273	-436.567360	0	T:1643.0(42.21%),B:9635.4(21.23%),P:1e-189	Tpos:103.0,Tstd:54.4,Bpos:100.9,Bstd:63.7,StrandBias:0.1,Multiplicity:1.20
0.499	0.132	0.116	0.253
0.541	0.001	0.296	0.162
0.666	0.128	0.205	0.001
0.001	0.972	0.001	0.026
0.001	0.920	0.001	0.078
0.716	0.001	0.282	0.001
0.001	0.969	0.029	0.001
0.796	0.001	0.001	0.202
>CAGATAAG	4-CAGATAAG	6.650154	-329.770377	0	T:906.0(23.28%),B:4260.3(9.39%),P:1e-143	Tpos:99.9,Tstd:50.3,Bpos:99.4,Bstd:62.6,StrandBias:0.1,Multiplicity:1.20
0.191	0.440	0.191	0.179
0.606	0.084	0.047	0.263
0.030	0.028	0.928	0.014
0.910	0.037	0.016	0.037
0.022	0.023	0.024	0.931
0.887	0.043	0.011	0.059
0.812	0.019	0.131	0.038
0.238	0.192	0.490	0.080
>AAVCGGAA	5-AAVCGGAA	6.100650	-299.927692	0	T:1087.0(27.93%),B:5963.2(13.14%),P:1e-130	Tpos:98.1,Tstd:50.0,Bpos:101.0,Bstd:60.3,StrandBias:0.1,Multiplicity:1.18
0.797	0.060	0.032	0.111
0.818	0.031	0.059	0.092
0.274	0.297	0.389	0.039
0.237	0.555	0.140	0.068
0.078	0.032	0.877	0.013
0.027	0.120	0.796	0.057
0.820	0.058	0.040	0.082
0.950	0.033	0.016	0.001
>TCTTATCT	6-TCTTATCT	6.671731	-181.321021	0	T:401.0(10.30%),B:1588.5(3.50%),P:1e-78	Tpos:103.2,Tstd:55.6,Bpos:97.3,Bstd:61.8,StrandBias:-0.1,Multiplicity:1.04
0.127	0.275	0.164	0.434
0.207	0.700	0.033	0.060
0.176	0.214	0.078	0.532
0.297	0.001	0.037	0.665
0.997	0.001	0.001	0.001
0.036	0.187	0.001	0.776
0.001	0.836	0.001	0.162
0.001	0.124	0.351	0.524
>ATGACTCA	7-ATGACTCA	7.598885	-154.759494	0	T:390.0(10.02%),B:1676.4(3.69%),P:1e-67	Tpos:105.1,Tstd:49.7,Bpos:98.6,Bstd:64.1,StrandBias:0.2,Multiplicity:1.07
0.765	0.111	0.123	0.001
0.001	0.001	0.001	0.997
0.001	0.001	0.997	0.001
0.988	0.001	0.001	0.010
0.032	0.636	0.253	0.079
0.046	0.001	0.021	0.932
0.070	0.917	0.012	0.001
0.977	0.001	0.006	0.016
>CAGGAAAC	8-CAGGAAAC	6.898417	-151.599419	0	T:748.0(19.22%),B:4548.9(10.02%),P:1e-65	Tpos:99.9,Tstd:52.2,Bpos:99.9,Bstd:63.8,StrandBias:0.1,Multiplicity:1.09
0.128	0.870	0.001	0.001
0.997	0.001	0.001	0.001
0.001	0.001	0.997	0.001
0.001	0.001	0.997	0.001
0.997	0.001	0.001	0.001
0.997	0.001	0.001	0.001
0.693	0.001	0.305	0.001
0.001	0.825	0.001	0.173
>TGTGGYCA	9-TGTGGYCA	7.134136	-136.032388	0	T:694.0(17.83%),B:4259.8(9.39%),P:1e-59	Tpos:101.8,Tstd:54.2,Bpos:98.9,Bstd:64.2,StrandBias:0.1,Multiplicity:1.08
0.184	0.153	0.001	0.662
0.001	0.001	0.997	0.001
0.001	0.026	0.001	0.972
0.001	0.070	0.928	0.001
0.054	0.001	0.944	0.001
0.001	0.436	0.062	0.501
0.001	0.673	0.325	0.001
0.816	0.001	0.182	0.001
>CGCCMCCT	10-CGCCMCCT	6.439266	-88.465926	0	T:540.0(13.87%),B:3504.2(7.72%),P:1e-38	Tpos:100.0,Tstd:50.7,Bpos:100.0,Bstd:60.9,StrandBias:0.0,Multiplicity:1.08
0.001	0.595	0.001	0.403
0.001	0.001	0.997	0.001
0.001	0.997	0.001	0.001
0.001	0.997	0.001	0.001
0.491	0.507	0.001	0.001
0.001	0.949	0.001	0.049
0.001	0.997	0.001	0.001
0.001	0.001	0.001	0.997
>CTGATAGC	11-CTGATAGC	5.284921	-86.588299	0	T:951.0(24.43%),B:7418.1(16.34%),P:1e-37	Tpos:100.9,Tstd:55.7,Bpos:100.4,Bstd:64.7,StrandBias:0.1,Multiplicity:1.12
0.098	0.661	0.133	0.108
0.176	0.047	0.032	0.745
0.025	0.074	0.844	0.057
0.760	0.164	0.034	0.042
0.083	0.097	0.020	0.800
0.736	0.083	0.104	0.077
0.164	0.031	0.686	0.119
0.032	0.774	0.085	0.109
>TKACGCAA	12-TKACGCAA	6.411810	-81.873051	0	T:556.0(14.29%),B:3739.2(8.24%),P:1e-35	Tpos:100.5,Tstd:53.1,Bpos:100.5,Bstd:61.2,StrandBias:-0.1,Multiplicity:1.13
0.001	0.001	0.014	0.984
0.041	0.069	0.448	0.442
0.637	0.001	0.001	0.361
0.005	0.632	0.165	0.198
0.241	0.125	0.633	0.001
0.060	0.752	0.068	0.120
0.986	0.001	0.012	0.001
0.754	0.056	0.176	0.014
>TATGTCAT	13-TATGTCAT	6.148054	-60.221131	0	T:559.0(14.36%),B:4116.9(9.07%),P:1e-26	Tpos:101.3,Tstd:54.5,Bpos:102.0,Bstd:61.9,StrandBias:0.1,Multiplicity:1.11
0.051	0.001	0.218	0.730
0.747	0.065	0.123	0.065
0.001	0.019	0.024	0.956
0.001	0.059	0.939	0.001
0.021	0.001	0.024	0.954
0.080	0.872	0.035	0.013
0.997	0.001	0.001	0.001
0.020	0.042	0.001	0.937
>ASKGAAGT	14-ASKGAAGT	7.092427	-52.820306	0	T:311.0(7.99%),B:1979.7(4.36%),P:1e-22	Tpos:100.3,Tstd:54.3,Bpos:101.5,Bstd:65.6,StrandBias:-0.0,Multiplicity:1.04
0.923	0.007	0.011	0.059
0.001	0.523	0.475	0.001
0.088	0.069	0.375	0.467
0.001	0.001	0.997	0.001
0.915	0.001	0.001	0.083
0.600	0.398	0.001	0.001
0.008	0.001	0.983	0.008
0.059	0.001	0.137	0.803
>ACSTCATT	15-ACSTCATT	6.987791	-51.923603	0	T:240.0(6.17%),B:1392.7(3.07%),P:1e-22	Tpos:100.1,Tstd:52.7,Bpos:101.1,Bstd:60.0,StrandBias:0.1,Multiplicity:1.05
0.936	0.001	0.001	0.062
0.001	0.997	0.001	0.001
0.001	0.543	0.455	0.001
0.001	0.001	0.001	0.997
0.001	0.997	0.001	0.001
0.997	0.001	0.001	0.001
0.125	0.352	0.001	0.522
0.046	0.001	0.001	0.952
>CSGCCCTG	16-CSGCCCTG	4.917384	-46.468609	0	T:1806.0(46.40%),B:17722.6(39.05%),P:1e-20	Tpos:98.1,Tstd:57.2,Bpos:99.4,Bstd:60.5,StrandBias:0.1,Multiplicity:1.56
0.020	0.502	0.198	0.280
0.182	0.355	0.374	0.089
0.119	0.206	0.566	0.109
0.001	0.870	0.079	0.050
0.139	0.661	0.118	0.082
0.075	0.901	0.011	0.013
0.106	0.215	0.049	0.630
0.142	0.242	0.540	0.076
>TDKCACAR	17-TDKCACAR	6.743891	-45.729239	0	T:307.0(7.89%),B:2043.7(4.50%),P:1e-19	Tpos:104.6,Tstd:52.2,Bpos:98.9,Bstd:65.6,StrandBias:-0.0,Multiplicity:1.08
0.001	0.102	0.001	0.896
0.358	0.076	0.218	0.349
0.190	0.065	0.360	0.385
0.001	0.947	0.001	0.051
0.580	0.115	0.001	0.304
0.011	0.811	0.001	0.177
0.529	0.204	0.001	0.266
0.522	0.001	0.476	0.001
>ACCCACAG	18-ACCCACAG	8.245145	-42.498993	0	T:271.0(6.96%),B:1773.5(3.91%),P:1e-18	Tpos:98.3,Tstd:54.3,Bpos:104.5,Bstd:63.8,StrandBias:0.5,Multiplicity:1.03
0.761	0.001	0.237	0.001
0.001	0.997	0.001	0.001
0.001	0.997	0.001	0.001
0.001	0.997	0.001	0.001
0.997	0.001	0.001	0.001
0.001	0.852	0.001	0.146
0.907	0.091	0.001	0.001
0.001	0.001	0.997	0.001
>AACCACGA	19-AACCACGA	7.493334	-35.586746	0	T:217.0(5.58%),B:1400.5(3.09%),P:1e-15	Tpos:104.0,Tstd:53.3,Bpos:99.4,Bstd:65.1,StrandBias:0.1,Multiplicity:1.05
0.901	0.001	0.097	0.001
0.909	0.001	0.089	0.001
0.001	0.997	0.001	0.001
0.001	0.997	0.001	0.001
0.997	0.001	0.001	0.001
0.079	0.860	0.060	0.001
0.001	0.184	0.569	0.246
0.898	0.001	0.032	0.069
>AACRGTAG	20-AACRGTAG	7.953425	-34.777782	0	T:193.0(4.96%),B:1205.3(2.66%),P:1e-15	Tpos:101.1,Tstd:56.8,Bpos:101.7,Bstd:63.3,StrandBias:-0.1,Multiplicity:1.01
0.967	0.019	0.012	0.002
0.871	0.001	0.085	0.043
0.001	0.997	0.001	0.001
0.367	0.021	0.427	0.185
0.063	0.001	0.917	0.019
0.253	0.200	0.001	0.546
0.885	0.001	0.108	0.006
0.147	0.001	0.746	0.106
>TACCAATC	21-TACCAATC	7.163226	-21.068470	0	T:131.0(3.37%),B:859.5(1.89%),P:1e-9	Tpos:97.1,Tstd:56.7,Bpos:96.2,Bstd:56.6,StrandBias:-0.2,Multiplicity:1.02
0.331	0.001	0.001	0.667
0.716	0.068	0.215	0.001
0.090	0.694	0.138	0.078
0.051	0.589	0.112	0.248
0.588	0.089	0.068	0.255
0.908	0.051	0.040	0.001
0.001	0.001	0.001	0.997
0.001	0.997	0.001	0.001
>TTAGTCAC	22-TTAGTCAC	10.823422	-20.868422	0	T:39.0(1.00%),B:143.4(0.32%),P:1e-9	Tpos:104.9,Tstd:53.0,Bpos:102.8,Bstd:64.3,StrandBias:-0.2,Multiplicity:1.00
0.001	0.001	0.001	0.997
0.001	0.001	0.001	0.997
0.997	0.001	0.001	0.001
0.001	0.001	0.997	0.001
0.001	0.001	0.001	0.997
0.216	0.782	0.001	0.001
0.997	0.001	0.001	0.001
0.001	0.997	0.001	0.001
>TTATCTAG	23-TTATCTAG	8.981849	-19.983141	0	T:70.0(1.80%),B:368.7(0.81%),P:1e-8	Tpos:102.2,Tstd:62.0,Bpos:84.5,Bstd:71.4,StrandBias:0.0,Multiplicity:1.00
0.001	0.001	0.001	0.997
0.001	0.001	0.001	0.997
0.997	0.001	0.001	0.001
0.001	0.001	0.001	0.997
0.001	0.997	0.001	0.001
0.001	0.001	0.001	0.997
0.874	0.001	0.124	0.001
0.001	0.001	0.997	0.001
>GCGGGGCC	24-GCGGGGCC	7.477754	-18.644019	0	T:491.0(12.62%),B:4451.0(9.81%),P:1e-8	Tpos:103.5,Tstd:56.2,Bpos:98.7,Bstd:59.0,StrandBias:-0.3,Multiplicity:1.32
0.017	0.001	0.953	0.029
0.067	0.894	0.001	0.038
0.217	0.001	0.708	0.074
0.001	0.001	0.997	0.001
0.062	0.080	0.824	0.034
0.021	0.079	0.899	0.001
0.001	0.907	0.076	0.016
0.001	0.891	0.035	0.073
>TCTTTRCG	25-TCTTTRCG	9.020325	-16.100813	0	T:44.0(1.13%),B:207.3(0.46%),P:1e-6	Tpos:109.3,Tstd:56.8,Bpos:95.6,Bstd:52.3,StrandBias:0.5,Multiplicity:1.00
0.001	0.383	0.001	0.615
0.001	0.997	0.001	0.001
0.001	0.001	0.001	0.997
0.307	0.001	0.001	0.691
0.001	0.001	0.001	0.997
0.514	0.001	0.484	0.001
0.001	0.997	0.001	0.001
0.001	0.001	0.997	0.001
