>ACTTCCTCTT	1-ACTTCCTCTT	7.981673	-743.619244	0	T:923.0(23.72%),B:2410.3(5.31%),P:1e-322	Tpos:99.4,Tstd:47.4,Bpos:100.1,Bstd:61.6,StrandBias:0.1,Multiplicity:1.17
0.798	0.013	0.133	0.056
0.001	0.788	0.148	0.063
0.018	0.001	0.007	0.974
0.009	0.006	0.001	0.984
0.002	0.987	0.010	0.001
0.005	0.887	0.011	0.097
0.001	0.340	0.067	0.592
0.022	0.634	0.146	0.198
0.276	0.113	0.030	0.581
0.139	0.026	0.060	0.775
>WAACCACADN	2-WAACCACADN	7.166889	-552.921440	0	T:896.0(23.02%),B:2957.3(6.52%),P:1e-240	Tpos:102.8,Tstd:49.4,Bpos:99.6,Bstd:64.0,StrandBias:0.1,Multiplicity:1.21
0.453	0.223	0.020	0.304
0.539	0.025	0.326	0.110
0.843	0.072	0.084	0.001
0.001	0.992	0.006	0.001
0.001	0.996	0.001	0.002
0.956	0.004	0.029	0.011
0.009	0.958	0.030	0.003
0.822	0.045	0.025	0.108
0.351	0.067	0.303	0.278
0.315	0.212	0.223	0.250
>YTGTGGTYAB	3-YTGTGGTYAB	6.872413	-450.583734	0	T:1060.0(27.24%),B:4621.7(10.18%),P:1e-195	Tpos:99.4,Tstd:52.0,Bpos:99.6,Bstd:63.6,StrandBias:-0.0,Multiplicity:1.10
0.135	0.345	0.111	0.410
0.141	0.261	0.001	0.597
0.040	0.101	0.858	0.001
0.039	0.242	0.001	0.718
0.001	0.001	0.997	0.001
0.001	0.001	0.997	0.001
0.001	0.338	0.135	0.526
0.001	0.440	0.135	0.424
0.561	0.089	0.001	0.349
0.161	0.342	0.250	0.247
>AAAAGCGGAA	4-AAAAGCGGAA	6.710309	-422.750748	0	T:550.0(14.13%),B:1444.1(3.18%),P:1e-183	Tpos:98.3,Tstd:51.4,Bpos:101.3,Bstd:57.9,StrandBias:0.1,Multiplicity:1.11
0.491	0.128	0.257	0.124
0.583	0.074	0.059	0.284
0.594	0.132	0.053	0.221
0.588	0.108	0.071	0.233
0.130	0.279	0.558	0.033
0.119	0.661	0.214	0.006
0.167	0.135	0.697	0.001
0.076	0.146	0.646	0.132
0.831	0.079	0.032	0.058
0.847	0.003	0.025	0.125
>AGGAAGTGGC	5-AGGAAGTGGC	7.081035	-372.471359	0	T:1062.0(27.29%),B:5167.5(11.39%),P:1e-161	Tpos:99.6,Tstd:52.4,Bpos:100.6,Bstd:61.4,StrandBias:0.1,Multiplicity:1.10
0.764	0.001	0.212	0.023
0.001	0.011	0.987	0.001
0.001	0.001	0.997	0.001
0.838	0.055	0.017	0.090
0.924	0.001	0.001	0.074
0.387	0.001	0.611	0.001
0.001	0.234	0.096	0.669
0.181	0.017	0.648	0.154
0.092	0.076	0.713	0.119
0.025	0.541	0.243	0.191
>CACHAGRKGG	6-CACHAGRKGG	7.208958	-287.556827	0	T:284.0(7.30%),B:542.6(1.20%),P:1e-124	Tpos:100.7,Tstd:41.5,Bpos:98.1,Bstd:63.3,StrandBias:-0.0,Multiplicity:1.00
0.188	0.715	0.009	0.088
0.508	0.119	0.289	0.084
0.029	0.570	0.246	0.155
0.225	0.288	0.149	0.338
0.608	0.203	0.129	0.060
0.002	0.004	0.989	0.005
0.410	0.063	0.509	0.018
0.005	0.185	0.421	0.389
0.060	0.213	0.715	0.012
0.131	0.170	0.563	0.136
>GATAAGRDNM	7-GATAAGRDNM	4.022113	-260.583810	0	T:646.0(16.60%),B:2800.7(6.17%),P:1e-113	Tpos:100.5,Tstd:48.8,Bpos:100.0,Bstd:62.0,StrandBias:-0.0,Multiplicity:1.14
0.001	0.001	0.997	0.001
0.997	0.001	0.001	0.001
0.001	0.001	0.001	0.997
0.997	0.001	0.001	0.001
0.997	0.001	0.001	0.001
0.001	0.035	0.963	0.001
0.441	0.105	0.453	0.001
0.287	0.115	0.327	0.272
0.236	0.215	0.225	0.324
0.278	0.383	0.129	0.210
>TBGCTTCCTG	8-TBGCTTCCTG	7.461988	-238.147473	0	T:790.0(20.30%),B:4058.6(8.94%),P:1e-103	Tpos:102.4,Tstd:52.4,Bpos:98.0,Bstd:64.0,StrandBias:0.0,Multiplicity:1.08
0.162	0.001	0.316	0.521
0.104	0.312	0.228	0.356
0.335	0.076	0.565	0.024
0.001	0.747	0.016	0.236
0.047	0.001	0.070	0.882
0.001	0.189	0.004	0.806
0.001	0.933	0.065	0.001
0.079	0.874	0.046	0.001
0.001	0.001	0.078	0.920
0.047	0.240	0.538	0.175
>ATGASTCAKY	9-ATGASTCAKY	7.342294	-175.071801	0	T:369.0(9.48%),B:1412.9(3.11%),P:1e-76	Tpos:103.4,Tstd:50.8,Bpos:100.4,Bstd:64.4,StrandBias:0.1,Multiplicity:1.05
0.588	0.214	0.192	0.006
0.001	0.001	0.001	0.997
0.011	0.029	0.849	0.111
0.931	0.009	0.001	0.059
0.065	0.404	0.486	0.045
0.040	0.001	0.001	0.958
0.010	0.963	0.001	0.026
0.940	0.012	0.025	0.023
0.029	0.148	0.349	0.474
0.188	0.391	0.118	0.302
>YTYTATCTSY	10-YTYTATCTSY	6.338037	-140.822571	0	T:884.0(22.71%),B:5898.2(12.99%),P:1e-61	Tpos:101.4,Tstd:55.5,Bpos:99.8,Bstd:63.7,StrandBias:-0.0,Multiplicity:1.18
0.116	0.296	0.195	0.394
0.125	0.001	0.267	0.607
0.035	0.325	0.207	0.433
0.001	0.001	0.001	0.997
0.997	0.001	0.001	0.001
0.001	0.001	0.022	0.976
0.001	0.997	0.001	0.001
0.315	0.001	0.001	0.683
0.206	0.293	0.437	0.064
0.190	0.293	0.080	0.437
>NVTTDCGCAA	11-NVTTDCGCAA	6.812512	-100.235413	0	T:368.0(9.46%),B:1932.9(4.26%),P:1e-43	Tpos:100.1,Tstd:52.7,Bpos:101.0,Bstd:59.2,StrandBias:-0.0,Multiplicity:1.07
0.228	0.224	0.284	0.264
0.386	0.248	0.348	0.018
0.001	0.001	0.001	0.997
0.001	0.001	0.001	0.997
0.275	0.122	0.370	0.234
0.127	0.438	0.175	0.260
0.303	0.001	0.512	0.184
0.255	0.436	0.081	0.228
0.989	0.001	0.001	0.009
0.997	0.001	0.001	0.001
>CAACCGCAAA	12-CAACCGCAAA	7.769894	-95.295619	0	T:108.0(2.77%),B:241.3(0.53%),P:1e-41	Tpos:93.6,Tstd:49.2,Bpos:103.9,Bstd:57.3,StrandBias:0.4,Multiplicity:1.03
0.154	0.463	0.254	0.129
0.707	0.191	0.001	0.101
0.767	0.060	0.151	0.022
0.082	0.798	0.083	0.037
0.017	0.814	0.080	0.089
0.126	0.037	0.813	0.024
0.068	0.866	0.004	0.062
0.692	0.065	0.033	0.210
0.545	0.011	0.323	0.121
0.564	0.088	0.224	0.124
>AAACAGAAGT	13-AAACAGAAGT	9.260898	-79.385067	0	T:143.0(3.67%),B:486.6(1.07%),P:1e-34	Tpos:109.2,Tstd:53.2,Bpos:99.5,Bstd:63.2,StrandBias:-0.1,Multiplicity:1.02
0.841	0.095	0.032	0.032
0.889	0.001	0.001	0.109
0.808	0.009	0.175	0.008
0.001	0.844	0.130	0.025
0.944	0.054	0.001	0.001
0.001	0.033	0.965	0.001
0.985	0.013	0.001	0.001
0.990	0.001	0.001	0.008
0.001	0.001	0.997	0.001
0.037	0.035	0.020	0.908
>GTTACGTCAT	14-GTTACGTCAT	4.992984	-74.174821	0	T:652.0(16.75%),B:4748.2(10.46%),P:1e-32	Tpos:98.7,Tstd:53.5,Bpos:100.1,Bstd:62.0,StrandBias:-0.1,Multiplicity:1.15
0.098	0.093	0.696	0.113
0.100	0.121	0.088	0.691
0.084	0.129	0.124	0.663
0.685	0.089	0.113	0.113
0.115	0.648	0.089	0.148
0.113	0.114	0.671	0.102
0.100	0.093	0.101	0.706
0.089	0.743	0.094	0.074
0.756	0.109	0.060	0.075
0.084	0.083	0.088	0.745
>GCCCTGCGGG	15-GCCCTGCGGG	7.020981	-57.136317	0	T:714.0(18.35%),B:5677.1(12.51%),P:1e-24	Tpos:101.0,Tstd:54.9,Bpos:100.6,Bstd:61.1,StrandBias:0.1,Multiplicity:1.25
0.001	0.291	0.660	0.048
0.001	0.748	0.250	0.001
0.036	0.445	0.253	0.266
0.006	0.799	0.069	0.126
0.001	0.152	0.001	0.846
0.001	0.001	0.997	0.001
0.001	0.623	0.042	0.334
0.238	0.170	0.465	0.127
0.030	0.001	0.883	0.086
0.001	0.152	0.740	0.107
>TGTGGCTGAC	16-TGTGGCTGAC	9.847709	-49.284492	0	T:91.0(2.34%),B:318.6(0.70%),P:1e-21	Tpos:105.6,Tstd:54.4,Bpos:96.9,Bstd:61.8,StrandBias:-0.1,Multiplicity:1.01
0.001	0.015	0.035	0.949
0.001	0.001	0.981	0.017
0.001	0.030	0.065	0.904
0.049	0.001	0.949	0.001
0.001	0.001	0.997	0.001
0.090	0.896	0.013	0.001
0.102	0.001	0.001	0.896
0.001	0.001	0.943	0.055
0.780	0.026	0.169	0.025
0.044	0.743	0.172	0.041
>AAGGAAGCTA	17-AAGGAAGCTA	7.062491	-46.936227	0	T:369.0(9.48%),B:2581.6(5.69%),P:1e-20	Tpos:99.4,Tstd:54.0,Bpos:100.7,Bstd:62.2,StrandBias:-0.1,Multiplicity:1.02
0.792	0.058	0.074	0.076
0.802	0.038	0.122	0.038
0.055	0.075	0.807	0.063
0.061	0.064	0.783	0.092
0.777	0.080	0.097	0.046
0.827	0.058	0.044	0.071
0.072	0.050	0.858	0.020
0.083	0.819	0.037	0.061
0.036	0.066	0.084	0.814
0.776	0.039	0.148	0.037
>ACTAATCCTC	18-ACTAATCCTC	10.879795	-36.225925	0	T:20.0(0.51%),B:17.7(0.04%),P:1e-15	Tpos:97.9,Tstd:57.0,Bpos:113.9,Bstd:60.3,StrandBias:0.5,Multiplicity:1.00
0.997	0.001	0.001	0.001
0.001	0.943	0.001	0.055
0.001	0.001	0.001	0.997
0.997	0.001	0.001	0.001
0.997	0.001	0.001	0.001
0.001	0.001	0.001	0.997
0.001	0.997	0.001	0.001
0.001	0.997	0.001	0.001
0.055	0.001	0.001	0.943
0.001	0.997	0.001	0.001
>TCTCCTATCT	19-TCTCCTATCT	9.642041	-35.075450	0	T:41.0(1.05%),B:98.7(0.22%),P:1e-15	Tpos:105.0,Tstd:57.4,Bpos:100.0,Bstd:54.7,StrandBias:0.2,Multiplicity:1.00
0.001	0.001	0.001	0.997
0.024	0.974	0.001	0.001
0.065	0.082	0.001	0.852
0.068	0.930	0.001	0.001
0.099	0.899	0.001	0.001
0.126	0.001	0.001	0.872
0.997	0.001	0.001	0.001
0.001	0.001	0.001	0.997
0.001	0.997	0.001	0.001
0.001	0.001	0.001	0.997
>AGCTTACCCA	20-AGCTTACCCA	13.755776	-34.994972	0	T:9.0(0.23%),B:2.0(0.00%),P:1e-15	Tpos:103.4,Tstd:56.3,Bpos:167.6,Bstd:33.2,StrandBias:0.3,Multiplicity:1.00
0.997	0.001	0.001	0.001
0.001	0.001	0.997	0.001
0.001	0.997	0.001	0.001
0.001	0.001	0.075	0.923
0.001	0.001	0.001	0.997
0.997	0.001	0.001	0.001
0.001	0.997	0.001	0.001
0.001	0.997	0.001	0.001
0.001	0.997	0.001	0.001
0.997	0.001	0.001	0.001
>AGACCCTTTA	21-AGACCCTTTA	10.296193	-26.680638	0	T:12.0(0.31%),B:7.6(0.02%),P:1e-11	Tpos:104.7,Tstd:65.3,Bpos:94.5,Bstd:43.6,StrandBias:0.5,Multiplicity:1.00
0.700	0.100	0.100	0.100
0.100	0.100	0.700	0.100
0.700	0.100	0.100	0.100
0.100	0.700	0.100	0.100
0.100	0.700	0.100	0.100
0.100	0.700	0.100	0.100
0.100	0.100	0.100	0.700
0.100	0.100	0.100	0.700
0.100	0.100	0.100	0.700
0.700	0.100	0.100	0.100
>GGCCCCGCCC	22-GGCCCCGCCC	7.093452	-24.490287	0	T:534.0(13.72%),B:4700.6(10.36%),P:1e-10	Tpos:103.0,Tstd:58.1,Bpos:98.6,Bstd:58.5,StrandBias:0.3,Multiplicity:1.34
0.081	0.048	0.807	0.064
0.075	0.035	0.856	0.034
0.022	0.865	0.057	0.056
0.054	0.795	0.066	0.085
0.085	0.801	0.031	0.083
0.124	0.707	0.065	0.104
0.079	0.045	0.771	0.105
0.065	0.825	0.037	0.073
0.045	0.834	0.073	0.048
0.069	0.740	0.066	0.125
>GTTATCTTTG	23-GTTATCTTTG	7.559989	-22.916402	0	T:28.0(0.72%),B:72.1(0.16%),P:1e-9	Tpos:99.5,Tstd:54.6,Bpos:106.7,Bstd:61.8,StrandBias:0.2,Multiplicity:1.27
0.001	0.001	0.997	0.001
0.001	0.012	0.001	0.986
0.001	0.001	0.401	0.597
0.997	0.001	0.001	0.001
0.001	0.001	0.001	0.997
0.001	0.997	0.001	0.001
0.001	0.001	0.001	0.997
0.001	0.001	0.001	0.997
0.001	0.261	0.001	0.737
0.001	0.001	0.997	0.001
>CGCCCTCAGT	24-CGCCCTCAGT	10.296193	-19.475728	0	T:8.0(0.21%),B:4.6(0.01%),P:1e-8	Tpos:70.9,Tstd:42.5,Bpos:70.0,Bstd:43.6,StrandBias:-0.7,Multiplicity:1.00
0.100	0.700	0.100	0.100
0.100	0.100	0.700	0.100
0.100	0.700	0.100	0.100
0.100	0.700	0.100	0.100
0.100	0.700	0.100	0.100
0.100	0.100	0.100	0.700
0.100	0.700	0.100	0.100
0.700	0.100	0.100	0.100
0.100	0.100	0.700	0.100
0.100	0.100	0.100	0.700
>ATATCTTRAA	25-ATATCTTRAA	10.280550	-18.285798	0	T:23.0(0.59%),B:62.0(0.14%),P:1e-7	Tpos:106.3,Tstd:52.3,Bpos:96.0,Bstd:55.2,StrandBias:-0.6,Multiplicity:1.00
0.802	0.001	0.001	0.196
0.001	0.291	0.001	0.707
0.997	0.001	0.001	0.001
0.067	0.001	0.001	0.931
0.001	0.997	0.001	0.001
0.001	0.001	0.203	0.795
0.068	0.213	0.001	0.718
0.504	0.001	0.494	0.001
0.667	0.136	0.196	0.001
0.931	0.001	0.067	0.001
