>ACTTCCTCTT	1-ACTTCCTCTT	7.981673	-743.619244	0	T:923.0(23.72%),B:2410.3(5.31%),P:1e-322	Tpos:99.4,Tstd:47.4,Bpos:100.1,Bstd:61.6,StrandBias:0.1,Multiplicity:1.17
0.798	0.013	0.133	0.056
0.001	0.788	0.148	0.063
0.018	0.001	0.007	0.974
0.009	0.006	0.001	0.984
0.002	0.987	0.010	0.001
0.005	0.887	0.011	0.097
0.001	0.340	0.067	0.592
0.022	0.634	0.146	0.198
0.276	0.113	0.030	0.581
0.139	0.026	0.060	0.775
>WAACCACADN	2-WAACCACADN	7.166889	-552.921440	0	T:896.0(23.02%),B:2957.3(6.52%),P:1e-240	Tpos:102.8,Tstd:49.4,Bpos:99.6,Bstd:64.0,StrandBias:0.1,Multiplicity:1.21
0.453	0.223	0.020	0.304
0.539	0.025	0.326	0.110
0.843	0.072	0.084	0.001
0.001	0.992	0.006	0.001
0.001	0.996	0.001	0.002
0.956	0.004	0.029	0.011
0.009	0.958	0.030	0.003
0.822	0.045	0.025	0.108
0.351	0.067	0.303	0.278
0.315	0.212	0.223	0.250
>YTGTGGTYAB	3-YTGTGGTYAB	6.872413	-450.583734	0	T:1060.0(27.24%),B:4621.7(10.18%),P:1e-195	Tpos:99.4,Tstd:52.0,Bpos:99.6,Bstd:63.6,StrandBias:-0.0,Multiplicity:1.10
0.135	0.345	0.111	0.410
0.141	0.261	0.001	0.597
0.040	0.101	0.858	0.001
0.039	0.242	0.001	0.718
0.001	0.001	0.997	0.001
0.001	0.001	0.997	0.001
0.001	0.338	0.135	0.526
0.001	0.440	0.135	0.424
0.561	0.089	0.001	0.349
0.161	0.342	0.250	0.247
>AAAAGCGGAA	4-AAAAGCGGAA	6.710309	-422.750748	0	T:550.0(14.13%),B:1444.1(3.18%),P:1e-183	Tpos:98.3,Tstd:51.4,Bpos:101.3,Bstd:57.9,StrandBias:0.1,Multiplicity:1.11
0.491	0.128	0.257	0.124
0.583	0.074	0.059	0.284
0.594	0.132	0.053	0.221
0.588	0.108	0.071	0.233
0.130	0.279	0.558	0.033
0.119	0.661	0.214	0.006
0.167	0.135	0.697	0.001
0.076	0.146	0.646	0.132
0.831	0.079	0.032	0.058
0.847	0.003	0.025	0.125
>AGGAAGTGGC	5-AGGAAGTGGC	7.081035	-372.471359	0	T:1062.0(27.29%),B:5167.5(11.39%),P:1e-161	Tpos:99.6,Tstd:52.4,Bpos:100.6,Bstd:61.4,StrandBias:0.1,Multiplicity:1.10
0.764	0.001	0.212	0.023
0.001	0.011	0.987	0.001
0.001	0.001	0.997	0.001
0.838	0.055	0.017	0.090
0.924	0.001	0.001	0.074
0.387	0.001	0.611	0.001
0.001	0.234	0.096	0.669
0.181	0.017	0.648	0.154
0.092	0.076	0.713	0.119
0.025	0.541	0.243	0.191
>CACHAGRKGG	6-CACHAGRKGG	7.208958	-287.556827	0	T:284.0(7.30%),B:542.6(1.20%),P:1e-124	Tpos:100.7,Tstd:41.5,Bpos:98.1,Bstd:63.3,StrandBias:-0.0,Multiplicity:1.00
0.188	0.715	0.009	0.088
0.508	0.119	0.289	0.084
0.029	0.570	0.246	0.155
0.225	0.288	0.149	0.338
0.608	0.203	0.129	0.060
0.002	0.004	0.989	0.005
0.410	0.063	0.509	0.018
0.005	0.185	0.421	0.389
0.060	0.213	0.715	0.012
0.131	0.170	0.563	0.136
>GATAAGRDNM	7-GATAAGRDNM	4.022113	-260.583810	0	T:646.0(16.60%),B:2800.7(6.17%),P:1e-113	Tpos:100.5,Tstd:48.8,Bpos:100.0,Bstd:62.0,StrandBias:-0.0,Multiplicity:1.14
0.001	0.001	0.997	0.001
0.997	0.001	0.001	0.001
0.001	0.001	0.001	0.997
0.997	0.001	0.001	0.001
0.997	0.001	0.001	0.001
0.001	0.035	0.963	0.001
0.441	0.105	0.453	0.001
0.287	0.115	0.327	0.272
0.236	0.215	0.225	0.324
0.278	0.383	0.129	0.210
>TBGCTTCCTG	8-TBGCTTCCTG	7.461988	-238.147473	0	T:790.0(20.30%),B:4058.6(8.94%),P:1e-103	Tpos:102.4,Tstd:52.4,Bpos:98.0,Bstd:64.0,StrandBias:0.0,Multiplicity:1.08
0.162	0.001	0.316	0.521
0.104	0.312	0.228	0.356
0.335	0.076	0.565	0.024
0.001	0.747	0.016	0.236
0.047	0.001	0.070	0.882
0.001	0.189	0.004	0.806
0.001	0.933	0.065	0.001
0.079	0.874	0.046	0.001
0.001	0.001	0.078	0.920
0.047	0.240	0.538	0.175
>ATGASTCAKY	9-ATGASTCAKY	7.342294	-175.071801	0	T:369.0(9.48%),B:1412.9(3.11%),P:1e-76	Tpos:103.4,Tstd:50.8,Bpos:100.4,Bstd:64.4,StrandBias:0.1,Multiplicity:1.05
0.588	0.214	0.192	0.006
0.001	0.001	0.001	0.997
0.011	0.029	0.849	0.111
0.931	0.009	0.001	0.059
0.065	0.404	0.486	0.045
0.040	0.001	0.001	0.958
0.010	0.963	0.001	0.026
0.940	0.012	0.025	0.023
0.029	0.148	0.349	0.474
0.188	0.391	0.118	0.302
>YTYTATCTSY	10-YTYTATCTSY	6.338037	-140.822571	0	T:884.0(22.71%),B:5898.2(12.99%),P:1e-61	Tpos:101.4,Tstd:55.5,Bpos:99.8,Bstd:63.7,StrandBias:-0.0,Multiplicity:1.18
0.116	0.296	0.195	0.394
0.125	0.001	0.267	0.607
0.035	0.325	0.207	0.433
0.001	0.001	0.001	0.997
0.997	0.001	0.001	0.001
0.001	0.001	0.022	0.976
0.001	0.997	0.001	0.001
0.315	0.001	0.001	0.683
0.206	0.293	0.437	0.064
0.190	0.293	0.080	0.437
>NVTTDCGCAA	11-NVTTDCGCAA	6.812512	-100.235413	0	T:368.0(9.46%),B:1932.9(4.26%),P:1e-43	Tpos:100.1,Tstd:52.7,Bpos:101.0,Bstd:59.2,StrandBias:-0.0,Multiplicity:1.07
0.228	0.224	0.284	0.264
0.386	0.248	0.348	0.018
0.001	0.001	0.001	0.997
0.001	0.001	0.001	0.997
0.275	0.122	0.370	0.234
0.127	0.438	0.175	0.260
0.303	0.001	0.512	0.184
0.255	0.436	0.081	0.228
0.989	0.001	0.001	0.009
0.997	0.001	0.001	0.001
>CAACCGCAAA	12-CAACCGCAAA	7.769894	-95.295619	0	T:108.0(2.77%),B:241.3(0.53%),P:1e-41	Tpos:93.6,Tstd:49.2,Bpos:103.9,Bstd:57.3,StrandBias:0.4,Multiplicity:1.03
0.154	0.463	0.254	0.129
0.707	0.191	0.001	0.101
0.767	0.060	0.151	0.022
0.082	0.798	0.083	0.037
0.017	0.814	0.080	0.089
0.126	0.037	0.813	0.024
0.068	0.866	0.004	0.062
0.692	0.065	0.033	0.210
0.545	0.011	0.323	0.121
0.564	0.088	0.224	0.124
>AAACAGAAGT	13-AAACAGAAGT	9.260898	-79.385067	0	T:143.0(3.67%),B:486.6(1.07%),P:1e-34	Tpos:109.2,Tstd:53.2,Bpos:99.5,Bstd:63.2,StrandBias:-0.1,Multiplicity:1.02
0.841	0.095	0.032	0.032
0.889	0.001	0.001	0.109
0.808	0.009	0.175	0.008
0.001	0.844	0.130	0.025
0.944	0.054	0.001	0.001
0.001	0.033	0.965	0.001
0.985	0.013	0.001	0.001
0.990	0.001	0.001	0.008
0.001	0.001	0.997	0.001
0.037	0.035	0.020	0.908
>GTTACGTCAT	14-GTTACGTCAT	4.992984	-74.174821	0	T:652.0(16.75%),B:4748.2(10.46%),P:1e-32	Tpos:98.7,Tstd:53.5,Bpos:100.1,Bstd:62.0,StrandBias:-0.1,Multiplicity:1.15
0.098	0.093	0.696	0.113
0.100	0.121	0.088	0.691
0.084	0.129	0.124	0.663
0.685	0.089	0.113	0.113
0.115	0.648	0.089	0.148
0.113	0.114	0.671	0.102
0.100	0.093	0.101	0.706
0.089	0.743	0.094	0.074
0.756	0.109	0.060	0.075
0.084	0.083	0.088	0.745
>GCCCTGCGGG	15-GCCCTGCGGG	7.020981	-57.136317	0	T:714.0(18.35%),B:5677.1(12.51%),P:1e-24	Tpos:101.0,Tstd:54.9,Bpos:100.6,Bstd:61.1,StrandBias:0.1,Multiplicity:1.25
0.001	0.291	0.660	0.048
0.001	0.748	0.250	0.001
0.036	0.445	0.253	0.266
0.006	0.799	0.069	0.126
0.001	0.152	0.001	0.846
0.001	0.001	0.997	0.001
0.001	0.623	0.042	0.334
0.238	0.170	0.465	0.127
0.030	0.001	0.883	0.086
0.001	0.152	0.740	0.107
>TGTGGCTGAC	16-TGTGGCTGAC	9.847709	-49.284492	0	T:91.0(2.34%),B:318.6(0.70%),P:1e-21	Tpos:105.6,Tstd:54.4,Bpos:96.9,Bstd:61.8,StrandBias:-0.1,Multiplicity:1.01
0.001	0.015	0.035	0.949
0.001	0.001	0.981	0.017
0.001	0.030	0.065	0.904
0.049	0.001	0.949	0.001
0.001	0.001	0.997	0.001
0.090	0.896	0.013	0.001
0.102	0.001	0.001	0.896
0.001	0.001	0.943	0.055
0.780	0.026	0.169	0.025
0.044	0.743	0.172	0.041
>AAGGAAGCTA	17-AAGGAAGCTA	7.062491	-46.936227	0	T:369.0(9.48%),B:2581.6(5.69%),P:1e-20	Tpos:99.4,Tstd:54.0,Bpos:100.7,Bstd:62.2,StrandBias:-0.1,Multiplicity:1.02
0.792	0.058	0.074	0.076
0.802	0.038	0.122	0.038
0.055	0.075	0.807	0.063
0.061	0.064	0.783	0.092
0.777	0.080	0.097	0.046
0.827	0.058	0.044	0.071
0.072	0.050	0.858	0.020
0.083	0.819	0.037	0.061
0.036	0.066	0.084	0.814
0.776	0.039	0.148	0.037
>ACTAATCCTC	18-ACTAATCCTC	10.879795	-36.225925	0	T:20.0(0.51%),B:17.7(0.04%),P:1e-15	Tpos:97.9,Tstd:57.0,Bpos:113.9,Bstd:60.3,StrandBias:0.5,Multiplicity:1.00
0.997	0.001	0.001	0.001
0.001	0.943	0.001	0.055
0.001	0.001	0.001	0.997
0.997	0.001	0.001	0.001
0.997	0.001	0.001	0.001
0.001	0.001	0.001	0.997
0.001	0.997	0.001	0.001
0.001	0.997	0.001	0.001
0.055	0.001	0.001	0.943
0.001	0.997	0.001	0.001
>TCTCCTATCT	19-TCTCCTATCT	9.642041	-35.075450	0	T:41.0(1.05%),B:98.7(0.22%),P:1e-15	Tpos:105.0,Tstd:57.4,Bpos:100.0,Bstd:54.7,StrandBias:0.2,Multiplicity:1.00
0.001	0.001	0.001	0.997
0.024	0.974	0.001	0.001
0.065	0.082	0.001	0.852
0.068	0.930	0.001	0.001
0.099	0.899	0.001	0.001
0.126	0.001	0.001	0.872
0.997	0.001	0.001	0.001
0.001	0.001	0.001	0.997
0.001	0.997	0.001	0.001
0.001	0.001	0.001	0.997
>AGCTTACCCA	20-AGCTTACCCA	13.755776	-34.994972	0	T:9.0(0.23%),B:2.0(0.00%),P:1e-15	Tpos:103.4,Tstd:56.3,Bpos:167.6,Bstd:33.2,StrandBias:0.3,Multiplicity:1.00
0.997	0.001	0.001	0.001
0.001	0.001	0.997	0.001
0.001	0.997	0.001	0.001
0.001	0.001	0.075	0.923
0.001	0.001	0.001	0.997
0.997	0.001	0.001	0.001
0.001	0.997	0.001	0.001
0.001	0.997	0.001	0.001
0.001	0.997	0.001	0.001
0.997	0.001	0.001	0.001
>AGACCCTTTA	21-AGACCCTTTA	10.296193	-26.680638	0	T:12.0(0.31%),B:7.6(0.02%),P:1e-11	Tpos:104.7,Tstd:65.3,Bpos:94.5,Bstd:43.6,StrandBias:0.5,Multiplicity:1.00
0.700	0.100	0.100	0.100
0.100	0.100	0.700	0.100
0.700	0.100	0.100	0.100
0.100	0.700	0.100	0.100
0.100	0.700	0.100	0.100
0.100	0.700	0.100	0.100
0.100	0.100	0.100	0.700
0.100	0.100	0.100	0.700
0.100	0.100	0.100	0.700
0.700	0.100	0.100	0.100
>GGCCCCGCCC	22-GGCCCCGCCC	7.093452	-24.490287	0	T:534.0(13.72%),B:4700.6(10.36%),P:1e-10	Tpos:103.0,Tstd:58.1,Bpos:98.6,Bstd:58.5,StrandBias:0.3,Multiplicity:1.34
0.081	0.048	0.807	0.064
0.075	0.035	0.856	0.034
0.022	0.865	0.057	0.056
0.054	0.795	0.066	0.085
0.085	0.801	0.031	0.083
0.124	0.707	0.065	0.104
0.079	0.045	0.771	0.105
0.065	0.825	0.037	0.073
0.045	0.834	0.073	0.048
0.069	0.740	0.066	0.125
>GTTATCTTTG	23-GTTATCTTTG	7.559989	-22.916402	0	T:28.0(0.72%),B:72.1(0.16%),P:1e-9	Tpos:99.5,Tstd:54.6,Bpos:106.7,Bstd:61.8,StrandBias:0.2,Multiplicity:1.27
0.001	0.001	0.997	0.001
0.001	0.012	0.001	0.986
0.001	0.001	0.401	0.597
0.997	0.001	0.001	0.001
0.001	0.001	0.001	0.997
0.001	0.997	0.001	0.001
0.001	0.001	0.001	0.997
0.001	0.001	0.001	0.997
0.001	0.261	0.001	0.737
0.001	0.001	0.997	0.001
>CGCCCTCAGT	24-CGCCCTCAGT	10.296193	-19.475728	0	T:8.0(0.21%),B:4.6(0.01%),P:1e-8	Tpos:70.9,Tstd:42.5,Bpos:70.0,Bstd:43.6,StrandBias:-0.7,Multiplicity:1.00
0.100	0.700	0.100	0.100
0.100	0.100	0.700	0.100
0.100	0.700	0.100	0.100
0.100	0.700	0.100	0.100
0.100	0.700	0.100	0.100
0.100	0.100	0.100	0.700
0.100	0.700	0.100	0.100
0.700	0.100	0.100	0.100
0.100	0.100	0.700	0.100
0.100	0.100	0.100	0.700
>ATATCTTRAA	25-ATATCTTRAA	10.280550	-18.285798	0	T:23.0(0.59%),B:62.0(0.14%),P:1e-7	Tpos:106.3,Tstd:52.3,Bpos:96.0,Bstd:55.2,StrandBias:-0.6,Multiplicity:1.00
0.802	0.001	0.001	0.196
0.001	0.291	0.001	0.707
0.997	0.001	0.001	0.001
0.067	0.001	0.001	0.931
0.001	0.997	0.001	0.001
0.001	0.001	0.203	0.795
0.068	0.213	0.001	0.718
0.504	0.001	0.494	0.001
0.667	0.136	0.196	0.001
0.931	0.001	0.067	0.001
>ACTTCCTCTTTT	1-ACTTCCTCTTTT	8.423902	-878.173627	0	T:939.0(24.13%),B:2103.3(4.63%),P:1e-381	Tpos:98.0,Tstd:46.5,Bpos:100.6,Bstd:58.6,StrandBias:0.1,Multiplicity:1.19
0.578	0.087	0.227	0.108
0.001	0.690	0.212	0.097
0.049	0.001	0.001	0.949
0.001	0.001	0.001	0.997
0.001	0.996	0.002	0.001
0.001	0.798	0.001	0.200
0.002	0.311	0.128	0.559
0.003	0.552	0.191	0.254
0.209	0.124	0.011	0.656
0.063	0.051	0.047	0.839
0.108	0.178	0.039	0.675
0.091	0.262	0.167	0.480
>NNYTGTGGTTWN	2-NNYTGTGGTTWN	7.321628	-545.617741	0	T:978.0(25.13%),B:3520.8(7.76%),P:1e-236	Tpos:102.0,Tstd:49.4,Bpos:100.7,Bstd:63.7,StrandBias:-0.2,Multiplicity:1.21
0.218	0.221	0.229	0.332
0.199	0.268	0.223	0.311
0.095	0.380	0.063	0.462
0.091	0.001	0.057	0.851
0.001	0.001	0.997	0.001
0.040	0.067	0.001	0.892
0.001	0.001	0.997	0.001
0.004	0.028	0.967	0.001
0.001	0.175	0.054	0.770
0.123	0.235	0.085	0.557
0.275	0.070	0.251	0.404
0.262	0.288	0.271	0.179
>CCACYAGGGGGC	3-CCACYAGGGGGC	9.230388	-414.433257	0	T:341.0(8.76%),B:517.2(1.14%),P:1e-179	Tpos:100.2,Tstd:39.9,Bpos:101.2,Bstd:60.3,StrandBias:-0.1,Multiplicity:1.02
0.084	0.757	0.099	0.060
0.007	0.985	0.007	0.001
0.704	0.071	0.122	0.103
0.030	0.721	0.242	0.007
0.159	0.354	0.042	0.445
0.722	0.063	0.116	0.099
0.014	0.001	0.941	0.044
0.389	0.001	0.584	0.026
0.035	0.007	0.688	0.270
0.058	0.007	0.888	0.047
0.049	0.026	0.852	0.073
0.226	0.678	0.040	0.056
>NNHNAGATAAMN	4-NNHNAGATAAMN	3.178542	-214.374444	0	T:610.0(15.67%),B:2854.9(6.29%),P:1e-93	Tpos:99.4,Tstd:48.8,Bpos:99.5,Bstd:61.5,StrandBias:0.1,Multiplicity:1.12
0.274	0.206	0.231	0.289
0.173	0.218	0.303	0.306
0.293	0.317	0.001	0.389
0.303	0.245	0.188	0.264
0.997	0.001	0.001	0.001
0.001	0.001	0.997	0.001
0.997	0.001	0.001	0.001
0.001	0.001	0.001	0.997
0.997	0.001	0.001	0.001
0.997	0.001	0.001	0.001
0.289	0.349	0.174	0.188
0.265	0.230	0.303	0.202
>NBDGAGGAAGTD	5-NBDGAGGAAGTD	8.176236	-202.412572	0	T:573.0(14.72%),B:2666.7(5.88%),P:1e-87	Tpos:100.7,Tstd:49.9,Bpos:99.2,Bstd:62.1,StrandBias:0.0,Multiplicity:1.09
0.274	0.188	0.286	0.252
0.001	0.276	0.358	0.364
0.379	0.001	0.277	0.343
0.260	0.188	0.431	0.121
0.640	0.001	0.358	0.001
0.001	0.001	0.997	0.001
0.001	0.001	0.997	0.001
0.796	0.202	0.001	0.001
0.997	0.001	0.001	0.001
0.229	0.245	0.525	0.001
0.038	0.001	0.001	0.960
0.253	0.146	0.349	0.253
>WGMTGASTCATN	6-WGMTGASTCATN	7.722100	-177.811531	0	T:382.0(9.82%),B:1482.9(3.27%),P:1e-77	Tpos:101.6,Tstd:50.4,Bpos:100.4,Bstd:64.0,StrandBias:0.1,Multiplicity:1.08
0.310	0.001	0.256	0.433
0.246	0.179	0.457	0.118
0.455	0.361	0.183	0.001
0.079	0.001	0.001	0.919
0.093	0.065	0.749	0.093
0.866	0.001	0.001	0.132
0.066	0.417	0.429	0.088
0.108	0.001	0.001	0.890
0.001	0.997	0.001	0.001
0.997	0.001	0.001	0.001
0.001	0.206	0.294	0.499
0.284	0.272	0.176	0.268
>TTATCTTATCAG	7-TTATCTTATCAG	7.321089	-84.595993	0	T:339.0(8.71%),B:1851.6(4.08%),P:1e-36	Tpos:101.2,Tstd:50.0,Bpos:100.3,Bstd:61.5,StrandBias:0.2,Multiplicity:1.07
0.067	0.077	0.057	0.799
0.088	0.093	0.108	0.711
0.660	0.129	0.069	0.142
0.062	0.111	0.063	0.764
0.063	0.759	0.081	0.097
0.066	0.063	0.027	0.844
0.086	0.119	0.091	0.704
0.680	0.119	0.068	0.133
0.097	0.057	0.069	0.777
0.062	0.798	0.075	0.065
0.788	0.022	0.026	0.164
0.084	0.091	0.719	0.106
>TTACCACATCCT	8-TTACCACATCCT	12.384551	-71.882675	0	T:36.0(0.92%),B:24.9(0.05%),P:1e-31	Tpos:105.0,Tstd:51.4,Bpos:105.3,Bstd:51.9,StrandBias:-0.7,Multiplicity:1.00
0.044	0.001	0.001	0.954
0.045	0.001	0.387	0.567
0.703	0.295	0.001	0.001
0.001	0.997	0.001	0.001
0.001	0.997	0.001	0.001
0.954	0.001	0.001	0.044
0.001	0.997	0.001	0.001
0.997	0.001	0.001	0.001
0.001	0.001	0.001	0.997
0.001	0.909	0.045	0.045
0.001	0.997	0.001	0.001
0.001	0.044	0.001	0.954
>CTTTGCGGTTGA	9-CTTTGCGGTTGA	11.883503	-64.110000	0	T:20.0(0.51%),B:4.3(0.01%),P:1e-27	Tpos:86.8,Tstd:39.7,Bpos:127.8,Bstd:30.3,StrandBias:-0.7,Multiplicity:1.00
0.161	0.677	0.081	0.081
0.001	0.160	0.001	0.838
0.007	0.001	0.322	0.670
0.001	0.001	0.001	0.997
0.001	0.001	0.997	0.001
0.001	0.918	0.001	0.080
0.083	0.169	0.741	0.007
0.001	0.001	0.918	0.080
0.001	0.080	0.001	0.918
0.001	0.001	0.168	0.830
0.001	0.001	0.757	0.241
0.838	0.001	0.001	0.160
>AGATAAGCACAA	10-AGATAAGCACAA	8.948879	-61.792412	0	T:114.0(2.93%),B:396.1(0.87%),P:1e-26	Tpos:96.9,Tstd:51.5,Bpos:103.6,Bstd:59.5,StrandBias:-0.1,Multiplicity:1.01
0.898	0.001	0.043	0.058
0.016	0.070	0.902	0.012
0.910	0.032	0.023	0.035
0.071	0.032	0.084	0.813
0.871	0.023	0.059	0.047
0.918	0.012	0.035	0.035
0.110	0.081	0.728	0.081
0.087	0.805	0.061	0.047
0.840	0.078	0.001	0.081
0.074	0.691	0.151	0.084
0.868	0.062	0.035	0.035
0.758	0.105	0.070	0.067
>TAATCCTCCTCA	11-TAATCCTCCTCA	13.450401	-48.532102	0	T:15.0(0.39%),B:3.5(0.01%),P:1e-21	Tpos:96.2,Tstd:59.9,Bpos:99.1,Bstd:49.5,StrandBias:0.2,Multiplicity:1.00
0.001	0.001	0.001	0.997
0.997	0.001	0.001	0.001
0.951	0.001	0.001	0.047
0.001	0.001	0.001	0.997
0.001	0.951	0.047	0.001
0.001	0.997	0.001	0.001
0.001	0.001	0.001	0.997
0.001	0.997	0.001	0.001
0.001	0.997	0.001	0.001
0.001	0.001	0.001	0.997
0.001	0.951	0.001	0.047
0.997	0.001	0.001	0.001
>ACCCTTATCAGT	12-ACCCTTATCAGT	13.113135	-48.144544	0	T:16.0(0.41%),B:4.7(0.01%),P:1e-20	Tpos:87.6,Tstd:53.7,Bpos:69.3,Bstd:89.3,StrandBias:-0.8,Multiplicity:1.47
0.997	0.001	0.001	0.001
0.040	0.919	0.040	0.001
0.001	0.997	0.001	0.001
0.001	0.997	0.001	0.001
0.001	0.001	0.001	0.997
0.001	0.001	0.001	0.997
0.997	0.001	0.001	0.001
0.039	0.001	0.001	0.959
0.040	0.880	0.040	0.040
0.959	0.001	0.039	0.001
0.001	0.001	0.997	0.001
0.001	0.001	0.001	0.997
>GCACAGACCATT	13-GCACAGACCATT	12.801851	-46.187889	0	T:18.0(0.46%),B:8.0(0.02%),P:1e-20	Tpos:102.5,Tstd:62.9,Bpos:100.5,Bstd:53.1,StrandBias:0.0,Multiplicity:1.00
0.001	0.135	0.726	0.138
0.001	0.725	0.273	0.001
0.864	0.001	0.134	0.001
0.001	0.997	0.001	0.001
0.997	0.001	0.001	0.001
0.001	0.001	0.997	0.001
0.729	0.135	0.135	0.001
0.001	0.997	0.001	0.001
0.135	0.729	0.001	0.135
0.678	0.320	0.001	0.001
0.134	0.001	0.001	0.864
0.001	0.001	0.001	0.997
>TGTGATCTTCGA	14-TGTGATCTTCGA	9.771678	-41.320065	0	T:12.0(0.31%),B:2.6(0.01%),P:1e-17	Tpos:106.1,Tstd:60.4,Bpos:101.0,Bstd:53.3,StrandBias:-0.3,Multiplicity:1.50
0.001	0.001	0.001	0.997
0.001	0.001	0.997	0.001
0.001	0.001	0.001	0.997
0.001	0.001	0.997	0.001
0.997	0.001	0.001	0.001
0.001	0.001	0.001	0.997
0.001	0.997	0.001	0.001
0.001	0.001	0.001	0.997
0.014	0.001	0.001	0.984
0.001	0.714	0.001	0.284
0.001	0.001	0.997	0.001
0.728	0.001	0.001	0.270
>ATCAAGACAATA	15-ATCAAGACAATA	13.716907	-41.320065	0	T:12.0(0.31%),B:2.0(0.00%),P:1e-17	Tpos:101.7,Tstd:51.1,Bpos:36.0,Bstd:0.0,StrandBias:-1.0,Multiplicity:1.00
0.929	0.069	0.001	0.001
0.001	0.001	0.001	0.997
0.001	0.997	0.001	0.001
0.997	0.001	0.001	0.001
0.997	0.001	0.001	0.001
0.001	0.001	0.997	0.001
0.929	0.001	0.069	0.001
0.001	0.929	0.001	0.069
0.997	0.001	0.001	0.001
0.929	0.001	0.069	0.001
0.001	0.001	0.001	0.997
0.997	0.001	0.001	0.001
>TTCCTSHTTMWG	16-TTCCTSHTTMWG	10.108474	-40.374020	0	T:38.0(0.98%),B:71.1(0.16%),P:1e-17	Tpos:83.8,Tstd:43.9,Bpos:119.3,Bstd:45.6,StrandBias:1.2,Multiplicity:1.18
0.062	0.070	0.084	0.784
0.167	0.197	0.060	0.576
0.041	0.836	0.049	0.074
0.061	0.851	0.015	0.073
0.087	0.091	0.029	0.793
0.092	0.430	0.298	0.180
0.317	0.358	0.021	0.304
0.296	0.081	0.034	0.589
0.046	0.261	0.257	0.436
0.401	0.538	0.029	0.032
0.409	0.020	0.025	0.546
0.073	0.064	0.806	0.057
>TATCTGTKGCTA	17-TATCTGTKGCTA	9.213455	-39.812506	0	T:19.0(0.49%),B:12.4(0.03%),P:1e-17	Tpos:97.3,Tstd:41.9,Bpos:118.2,Bstd:48.1,StrandBias:0.6,Multiplicity:1.21
0.171	0.202	0.098	0.529
0.682	0.177	0.140	0.001
0.080	0.059	0.212	0.649
0.123	0.829	0.001	0.047
0.098	0.001	0.012	0.889
0.090	0.147	0.549	0.214
0.109	0.001	0.204	0.686
0.152	0.051	0.352	0.444
0.218	0.115	0.495	0.172
0.151	0.555	0.147	0.147
0.258	0.231	0.001	0.510
0.432	0.142	0.154	0.273
>TTBCTGTTTCTC	18-TTBCTGTTTCTC	8.817870	-38.351938	0	T:237.0(6.09%),B:1535.6(3.38%),P:1e-16	Tpos:95.8,Tstd:56.2,Bpos:97.5,Bstd:60.1,StrandBias:0.3,Multiplicity:1.13
0.056	0.078	0.013	0.853
0.042	0.230	0.001	0.727
0.012	0.408	0.261	0.319
0.241	0.610	0.001	0.148
0.040	0.012	0.037	0.911
0.024	0.401	0.574	0.001
0.012	0.013	0.037	0.938
0.126	0.009	0.021	0.844
0.098	0.046	0.050	0.806
0.058	0.699	0.210	0.033
0.065	0.021	0.001	0.913
0.034	0.697	0.059	0.210
>CTTGCCGCTGCA	19-CTTGCCGCTGCA	13.635446	-36.142475	0	T:15.0(0.39%),B:7.4(0.02%),P:1e-15	Tpos:108.9,Tstd:43.6,Bpos:122.4,Bstd:61.8,StrandBias:0.0,Multiplicity:1.08
0.001	0.997	0.001	0.001
0.001	0.001	0.001	0.997
0.001	0.416	0.001	0.582
0.001	0.001	0.997	0.001
0.001	0.997	0.001	0.001
0.151	0.847	0.001	0.001
0.001	0.001	0.997	0.001
0.001	0.997	0.001	0.001
0.001	0.001	0.001	0.997
0.001	0.001	0.997	0.001
0.001	0.582	0.001	0.416
0.997	0.001	0.001	0.001
>AGGGCGGGGCCG	20-AGGGCGGGGCCG	8.558141	-32.575156	0	T:328.0(8.43%),B:2457.2(5.41%),P:1e-14	Tpos:101.9,Tstd:55.8,Bpos:96.3,Bstd:56.7,StrandBias:-0.4,Multiplicity:1.16
0.731	0.086	0.064	0.119
0.039	0.001	0.959	0.001
0.001	0.001	0.992	0.006
0.134	0.004	0.861	0.001
0.247	0.621	0.001	0.131
0.084	0.001	0.674	0.241
0.007	0.001	0.839	0.153
0.153	0.042	0.752	0.053
0.022	0.001	0.976	0.001
0.101	0.607	0.181	0.111
0.183	0.507	0.150	0.160
0.076	0.240	0.516	0.168
>TGTTATCACAGT	21-TGTTATCACAGT	11.614654	-25.799684	0	T:7.0(0.18%),B:1.2(0.00%),P:1e-11	Tpos:99.8,Tstd:53.2,Bpos:81.2,Bstd:33.1,StrandBias:2.2,Multiplicity:2.43
0.001	0.001	0.001	0.997
0.001	0.001	0.997	0.001
0.272	0.001	0.001	0.726
0.001	0.001	0.001	0.997
0.973	0.001	0.001	0.025
0.001	0.001	0.001	0.997
0.001	0.997	0.001	0.001
0.997	0.001	0.001	0.001
0.001	0.997	0.001	0.001
0.997	0.001	0.001	0.001
0.001	0.001	0.997	0.001
0.001	0.001	0.001	0.997
>CAGAGGAGCTTC	22-CAGAGGAGCTTC	13.681465	-18.258835	0	T:7.0(0.18%),B:3.9(0.01%),P:1e-7	Tpos:98.9,Tstd:61.6,Bpos:68.9,Bstd:48.9,StrandBias:-1.3,Multiplicity:2.00
0.001	0.937	0.001	0.061
0.997	0.001	0.001	0.001
0.061	0.001	0.937	0.001
0.997	0.001	0.001	0.001
0.001	0.001	0.997	0.001
0.001	0.001	0.997	0.001
0.997	0.001	0.001	0.001
0.001	0.001	0.997	0.001
0.001	0.997	0.001	0.001
0.001	0.001	0.001	0.997
0.061	0.001	0.001	0.937
0.001	0.997	0.001	0.001
>ACAAAGGGCCAC	23-ACAAAGGGCCAC	15.084934	-7.732247	0	T:4.0(0.10%),B:4.4(0.01%),P:1e-3	Tpos:119.3,Tstd:47.6,Bpos:123.5,Bstd:44.9,StrandBias:3.2,Multiplicity:2.50
0.997	0.001	0.001	0.001
0.001	0.997	0.001	0.001
0.997	0.001	0.001	0.001
0.714	0.284	0.001	0.001
0.795	0.001	0.203	0.001
0.001	0.001	0.997	0.001
0.018	0.001	0.980	0.001
0.001	0.001	0.997	0.001
0.001	0.982	0.001	0.016
0.001	0.997	0.001	0.001
0.997	0.001	0.001	0.001
0.001	0.997	0.001	0.001
>TGTGGTAGAGGT	24-TGTGGTAGAGGT	10.464922	-7.210034	0	T:3.0(0.08%),B:2.3(0.01%),P:1e-3	Tpos:96.1,Tstd:55.4,Bpos:85.4,Bstd:53.7,StrandBias:10.0,Multiplicity:3.00
0.126	0.074	0.115	0.685
0.075	0.099	0.715	0.111
0.120	0.071	0.122	0.687
0.107	0.063	0.719	0.111
0.124	0.108	0.640	0.128
0.137	0.142	0.157	0.564
0.653	0.074	0.138	0.135
0.135	0.098	0.683	0.084
0.692	0.083	0.110	0.115
0.127	0.057	0.692	0.124
0.128	0.124	0.640	0.108
0.130	0.118	0.123	0.629
>CTACAGCCAGCA	25-CTACAGCCAGCA	12.355432	-4.333212	0	T:2.0(0.05%),B:2.9(0.01%),P:1e-1	Tpos:104.6,Tstd:60.0,Bpos:187.5,Bstd:5.4,StrandBias:10.0,Multiplicity:4.00
0.100	0.700	0.100	0.100
0.100	0.100	0.100	0.700
0.700	0.100	0.100	0.100
0.100	0.700	0.100	0.100
0.700	0.100	0.100	0.100
0.100	0.100	0.700	0.100
0.100	0.700	0.100	0.100
0.100	0.700	0.100	0.100
0.700	0.100	0.100	0.100
0.100	0.100	0.700	0.100
0.100	0.700	0.100	0.100
0.700	0.100	0.100	0.100
>GAGGAAGT	1-GAGGAAGT	7.835295	-564.308353	0	T:965.0(24.79%),B:3347.8(7.38%),P:1e-245	Tpos:101.7,Tstd:48.9,Bpos:99.5,Bstd:63.0,StrandBias:-0.0,Multiplicity:1.16
0.114	0.107	0.769	0.010
0.838	0.004	0.157	0.001
0.001	0.001	0.997	0.001
0.001	0.001	0.997	0.001
0.997	0.001	0.001	0.001
0.987	0.001	0.001	0.011
0.026	0.069	0.904	0.001
0.001	0.085	0.027	0.887
>WAACCACA	2-WAACCACA	7.409759	-513.710513	0	T:777.0(19.96%),B:2392.1(5.27%),P:1e-223	Tpos:102.3,Tstd:48.7,Bpos:98.2,Bstd:65.4,StrandBias:0.1,Multiplicity:1.18
0.363	0.119	0.023	0.495
0.790	0.021	0.132	0.057
0.979	0.011	0.009	0.001
0.001	0.997	0.001	0.001
0.001	0.995	0.003	0.001
0.967	0.001	0.015	0.017
0.001	0.992	0.001	0.006
0.959	0.013	0.002	0.026
>AAACCACA	3-AAACCACA	6.133273	-436.567360	0	T:1643.0(42.21%),B:9635.4(21.23%),P:1e-189	Tpos:103.0,Tstd:54.4,Bpos:100.9,Bstd:63.7,StrandBias:0.1,Multiplicity:1.20
0.499	0.132	0.116	0.253
0.541	0.001	0.296	0.162
0.666	0.128	0.205	0.001
0.001	0.972	0.001	0.026
0.001	0.920	0.001	0.078
0.716	0.001	0.282	0.001
0.001	0.969	0.029	0.001
0.796	0.001	0.001	0.202
>CAGATAAG	4-CAGATAAG	6.650154	-329.770377	0	T:906.0(23.28%),B:4260.3(9.39%),P:1e-143	Tpos:99.9,Tstd:50.3,Bpos:99.4,Bstd:62.6,StrandBias:0.1,Multiplicity:1.20
0.191	0.440	0.191	0.179
0.606	0.084	0.047	0.263
0.030	0.028	0.928	0.014
0.910	0.037	0.016	0.037
0.022	0.023	0.024	0.931
0.887	0.043	0.011	0.059
0.812	0.019	0.131	0.038
0.238	0.192	0.490	0.080
>AAVCGGAA	5-AAVCGGAA	6.100650	-299.927692	0	T:1087.0(27.93%),B:5963.2(13.14%),P:1e-130	Tpos:98.1,Tstd:50.0,Bpos:101.0,Bstd:60.3,StrandBias:0.1,Multiplicity:1.18
0.797	0.060	0.032	0.111
0.818	0.031	0.059	0.092
0.274	0.297	0.389	0.039
0.237	0.555	0.140	0.068
0.078	0.032	0.877	0.013
0.027	0.120	0.796	0.057
0.820	0.058	0.040	0.082
0.950	0.033	0.016	0.001
>TCTTATCT	6-TCTTATCT	6.671731	-181.321021	0	T:401.0(10.30%),B:1588.5(3.50%),P:1e-78	Tpos:103.2,Tstd:55.6,Bpos:97.3,Bstd:61.8,StrandBias:-0.1,Multiplicity:1.04
0.127	0.275	0.164	0.434
0.207	0.700	0.033	0.060
0.176	0.214	0.078	0.532
0.297	0.001	0.037	0.665
0.997	0.001	0.001	0.001
0.036	0.187	0.001	0.776
0.001	0.836	0.001	0.162
0.001	0.124	0.351	0.524
>ATGACTCA	7-ATGACTCA	7.598885	-154.759494	0	T:390.0(10.02%),B:1676.4(3.69%),P:1e-67	Tpos:105.1,Tstd:49.7,Bpos:98.6,Bstd:64.1,StrandBias:0.2,Multiplicity:1.07
0.765	0.111	0.123	0.001
0.001	0.001	0.001	0.997
0.001	0.001	0.997	0.001
0.988	0.001	0.001	0.010
0.032	0.636	0.253	0.079
0.046	0.001	0.021	0.932
0.070	0.917	0.012	0.001
0.977	0.001	0.006	0.016
>CAGGAAAC	8-CAGGAAAC	6.898417	-151.599419	0	T:748.0(19.22%),B:4548.9(10.02%),P:1e-65	Tpos:99.9,Tstd:52.2,Bpos:99.9,Bstd:63.8,StrandBias:0.1,Multiplicity:1.09
0.128	0.870	0.001	0.001
0.997	0.001	0.001	0.001
0.001	0.001	0.997	0.001
0.001	0.001	0.997	0.001
0.997	0.001	0.001	0.001
0.997	0.001	0.001	0.001
0.693	0.001	0.305	0.001
0.001	0.825	0.001	0.173
>TGTGGYCA	9-TGTGGYCA	7.134136	-136.032388	0	T:694.0(17.83%),B:4259.8(9.39%),P:1e-59	Tpos:101.8,Tstd:54.2,Bpos:98.9,Bstd:64.2,StrandBias:0.1,Multiplicity:1.08
0.184	0.153	0.001	0.662
0.001	0.001	0.997	0.001
0.001	0.026	0.001	0.972
0.001	0.070	0.928	0.001
0.054	0.001	0.944	0.001
0.001	0.436	0.062	0.501
0.001	0.673	0.325	0.001
0.816	0.001	0.182	0.001
>CGCCMCCT	10-CGCCMCCT	6.439266	-88.465926	0	T:540.0(13.87%),B:3504.2(7.72%),P:1e-38	Tpos:100.0,Tstd:50.7,Bpos:100.0,Bstd:60.9,StrandBias:0.0,Multiplicity:1.08
0.001	0.595	0.001	0.403
0.001	0.001	0.997	0.001
0.001	0.997	0.001	0.001
0.001	0.997	0.001	0.001
0.491	0.507	0.001	0.001
0.001	0.949	0.001	0.049
0.001	0.997	0.001	0.001
0.001	0.001	0.001	0.997
>CTGATAGC	11-CTGATAGC	5.284921	-86.588299	0	T:951.0(24.43%),B:7418.1(16.34%),P:1e-37	Tpos:100.9,Tstd:55.7,Bpos:100.4,Bstd:64.7,StrandBias:0.1,Multiplicity:1.12
0.098	0.661	0.133	0.108
0.176	0.047	0.032	0.745
0.025	0.074	0.844	0.057
0.760	0.164	0.034	0.042
0.083	0.097	0.020	0.800
0.736	0.083	0.104	0.077
0.164	0.031	0.686	0.119
0.032	0.774	0.085	0.109
>TKACGCAA	12-TKACGCAA	6.411810	-81.873051	0	T:556.0(14.29%),B:3739.2(8.24%),P:1e-35	Tpos:100.5,Tstd:53.1,Bpos:100.5,Bstd:61.2,StrandBias:-0.1,Multiplicity:1.13
0.001	0.001	0.014	0.984
0.041	0.069	0.448	0.442
0.637	0.001	0.001	0.361
0.005	0.632	0.165	0.198
0.241	0.125	0.633	0.001
0.060	0.752	0.068	0.120
0.986	0.001	0.012	0.001
0.754	0.056	0.176	0.014
>TATGTCAT	13-TATGTCAT	6.148054	-60.221131	0	T:559.0(14.36%),B:4116.9(9.07%),P:1e-26	Tpos:101.3,Tstd:54.5,Bpos:102.0,Bstd:61.9,StrandBias:0.1,Multiplicity:1.11
0.051	0.001	0.218	0.730
0.747	0.065	0.123	0.065
0.001	0.019	0.024	0.956
0.001	0.059	0.939	0.001
0.021	0.001	0.024	0.954
0.080	0.872	0.035	0.013
0.997	0.001	0.001	0.001
0.020	0.042	0.001	0.937
>ASKGAAGT	14-ASKGAAGT	7.092427	-52.820306	0	T:311.0(7.99%),B:1979.7(4.36%),P:1e-22	Tpos:100.3,Tstd:54.3,Bpos:101.5,Bstd:65.6,StrandBias:-0.0,Multiplicity:1.04
0.923	0.007	0.011	0.059
0.001	0.523	0.475	0.001
0.088	0.069	0.375	0.467
0.001	0.001	0.997	0.001
0.915	0.001	0.001	0.083
0.600	0.398	0.001	0.001
0.008	0.001	0.983	0.008
0.059	0.001	0.137	0.803
>ACSTCATT	15-ACSTCATT	6.987791	-51.923603	0	T:240.0(6.17%),B:1392.7(3.07%),P:1e-22	Tpos:100.1,Tstd:52.7,Bpos:101.1,Bstd:60.0,StrandBias:0.1,Multiplicity:1.05
0.936	0.001	0.001	0.062
0.001	0.997	0.001	0.001
0.001	0.543	0.455	0.001
0.001	0.001	0.001	0.997
0.001	0.997	0.001	0.001
0.997	0.001	0.001	0.001
0.125	0.352	0.001	0.522
0.046	0.001	0.001	0.952
>CSGCCCTG	16-CSGCCCTG	4.917384	-46.468609	0	T:1806.0(46.40%),B:17722.6(39.05%),P:1e-20	Tpos:98.1,Tstd:57.2,Bpos:99.4,Bstd:60.5,StrandBias:0.1,Multiplicity:1.56
0.020	0.502	0.198	0.280
0.182	0.355	0.374	0.089
0.119	0.206	0.566	0.109
0.001	0.870	0.079	0.050
0.139	0.661	0.118	0.082
0.075	0.901	0.011	0.013
0.106	0.215	0.049	0.630
0.142	0.242	0.540	0.076
>TDKCACAR	17-TDKCACAR	6.743891	-45.729239	0	T:307.0(7.89%),B:2043.7(4.50%),P:1e-19	Tpos:104.6,Tstd:52.2,Bpos:98.9,Bstd:65.6,StrandBias:-0.0,Multiplicity:1.08
0.001	0.102	0.001	0.896
0.358	0.076	0.218	0.349
0.190	0.065	0.360	0.385
0.001	0.947	0.001	0.051
0.580	0.115	0.001	0.304
0.011	0.811	0.001	0.177
0.529	0.204	0.001	0.266
0.522	0.001	0.476	0.001
>ACCCACAG	18-ACCCACAG	8.245145	-42.498993	0	T:271.0(6.96%),B:1773.5(3.91%),P:1e-18	Tpos:98.3,Tstd:54.3,Bpos:104.5,Bstd:63.8,StrandBias:0.5,Multiplicity:1.03
0.761	0.001	0.237	0.001
0.001	0.997	0.001	0.001
0.001	0.997	0.001	0.001
0.001	0.997	0.001	0.001
0.997	0.001	0.001	0.001
0.001	0.852	0.001	0.146
0.907	0.091	0.001	0.001
0.001	0.001	0.997	0.001
>AACCACGA	19-AACCACGA	7.493334	-35.586746	0	T:217.0(5.58%),B:1400.5(3.09%),P:1e-15	Tpos:104.0,Tstd:53.3,Bpos:99.4,Bstd:65.1,StrandBias:0.1,Multiplicity:1.05
0.901	0.001	0.097	0.001
0.909	0.001	0.089	0.001
0.001	0.997	0.001	0.001
0.001	0.997	0.001	0.001
0.997	0.001	0.001	0.001
0.079	0.860	0.060	0.001
0.001	0.184	0.569	0.246
0.898	0.001	0.032	0.069
>AACRGTAG	20-AACRGTAG	7.953425	-34.777782	0	T:193.0(4.96%),B:1205.3(2.66%),P:1e-15	Tpos:101.1,Tstd:56.8,Bpos:101.7,Bstd:63.3,StrandBias:-0.1,Multiplicity:1.01
0.967	0.019	0.012	0.002
0.871	0.001	0.085	0.043
0.001	0.997	0.001	0.001
0.367	0.021	0.427	0.185
0.063	0.001	0.917	0.019
0.253	0.200	0.001	0.546
0.885	0.001	0.108	0.006
0.147	0.001	0.746	0.106
>TACCAATC	21-TACCAATC	7.163226	-21.068470	0	T:131.0(3.37%),B:859.5(1.89%),P:1e-9	Tpos:97.1,Tstd:56.7,Bpos:96.2,Bstd:56.6,StrandBias:-0.2,Multiplicity:1.02
0.331	0.001	0.001	0.667
0.716	0.068	0.215	0.001
0.090	0.694	0.138	0.078
0.051	0.589	0.112	0.248
0.588	0.089	0.068	0.255
0.908	0.051	0.040	0.001
0.001	0.001	0.001	0.997
0.001	0.997	0.001	0.001
>TTAGTCAC	22-TTAGTCAC	10.823422	-20.868422	0	T:39.0(1.00%),B:143.4(0.32%),P:1e-9	Tpos:104.9,Tstd:53.0,Bpos:102.8,Bstd:64.3,StrandBias:-0.2,Multiplicity:1.00
0.001	0.001	0.001	0.997
0.001	0.001	0.001	0.997
0.997	0.001	0.001	0.001
0.001	0.001	0.997	0.001
0.001	0.001	0.001	0.997
0.216	0.782	0.001	0.001
0.997	0.001	0.001	0.001
0.001	0.997	0.001	0.001
>TTATCTAG	23-TTATCTAG	8.981849	-19.983141	0	T:70.0(1.80%),B:368.7(0.81%),P:1e-8	Tpos:102.2,Tstd:62.0,Bpos:84.5,Bstd:71.4,StrandBias:0.0,Multiplicity:1.00
0.001	0.001	0.001	0.997
0.001	0.001	0.001	0.997
0.997	0.001	0.001	0.001
0.001	0.001	0.001	0.997
0.001	0.997	0.001	0.001
0.001	0.001	0.001	0.997
0.874	0.001	0.124	0.001
0.001	0.001	0.997	0.001
>GCGGGGCC	24-GCGGGGCC	7.477754	-18.644019	0	T:491.0(12.62%),B:4451.0(9.81%),P:1e-8	Tpos:103.5,Tstd:56.2,Bpos:98.7,Bstd:59.0,StrandBias:-0.3,Multiplicity:1.32
0.017	0.001	0.953	0.029
0.067	0.894	0.001	0.038
0.217	0.001	0.708	0.074
0.001	0.001	0.997	0.001
0.062	0.080	0.824	0.034
0.021	0.079	0.899	0.001
0.001	0.907	0.076	0.016
0.001	0.891	0.035	0.073
>TCTTTRCG	25-TCTTTRCG	9.020325	-16.100813	0	T:44.0(1.13%),B:207.3(0.46%),P:1e-6	Tpos:109.3,Tstd:56.8,Bpos:95.6,Bstd:52.3,StrandBias:0.5,Multiplicity:1.00
0.001	0.383	0.001	0.615
0.001	0.997	0.001	0.001
0.001	0.001	0.001	0.997
0.307	0.001	0.001	0.691
0.001	0.001	0.001	0.997
0.514	0.001	0.484	0.001
0.001	0.997	0.001	0.001
0.001	0.001	0.997	0.001
