<!DOCTYPE HTML>
<html>
  <head>
    <meta charset="UTF-8">
    <title>Tomtom Results</title>
    <script>
      // @JSON_VAR data
      var data = {
        "program": "Tomtom",
        "version": "5.5.5",
        "release": "Thu Sep 14 08:48:04 2023 +1000",
        "cmd": [
          "tomtom", "-verbosity", "1", "-oc", "meme_tomtom_out",
          "-min-overlap", "5", "-dist", "pearson", "-evalue", "-thresh", "1",
          "-no-ssc", "meme_out/meme.xml",
          "db/motif_databases/MOUSE/uniprobe_mouse.meme",
          "db/motif_databases/JASPAR/JASPAR2022_CORE_non-redundant_v2.meme"
        ],
        "options": {
          "strands": "both",
          "distance_measure": "pearson",
          "threshold_type": "evalue",
          "threshold_value": 1,
          "background_source": "--query--"
        },
        "alphabet": {
          "name": "DNA",
          "like": "dna",
          "ncore": 4,
          "symbols": [
            {
              "symbol": "A",
              "name": "Adenine",
              "colour": "CC0000",
              "complement": "T"
            }, {
              "symbol": "C",
              "name": "Cytosine",
              "colour": "0000CC",
              "complement": "G"
            }, {
              "symbol": "G",
              "name": "Guanine",
              "colour": "FFB300",
              "complement": "C"
            }, {
              "symbol": "T",
              "aliases": "U",
              "name": "Thymine",
              "colour": "008000",
              "complement": "A"
            }, {
              "symbol": "N",
              "aliases": "X.",
              "name": "Any base",
              "equals": "ACGT"
            }, {
              "symbol": "V",
              "name": "Not T",
              "equals": "ACG"
            }, {
              "symbol": "H",
              "name": "Not G",
              "equals": "ACT"
            }, {
              "symbol": "D",
              "name": "Not C",
              "equals": "AGT"
            }, {
              "symbol": "B",
              "name": "Not A",
              "equals": "CGT"
            }, {
              "symbol": "M",
              "name": "Amino",
              "equals": "AC"
            }, {
              "symbol": "R",
              "name": "Purine",
              "equals": "AG"
            }, {
              "symbol": "W",
              "name": "Weak",
              "equals": "AT"
            }, {
              "symbol": "S",
              "name": "Strong",
              "equals": "CG"
            }, {
              "symbol": "Y",
              "name": "Pyrimidine",
              "equals": "CT"
            }, {
              "symbol": "K",
              "name": "Keto",
              "equals": "GT"
            }
          ]
        },
        "background": [0.19, 0.31, 0.31, 0.19],
        "query_dbs": [
          {
            "source": "meme_out/meme.xml",
            "name": "meme.xml",
            "loaded": 3,
            "excluded": 0,
            "last_modified": "Sun Mar 10 07:27:59 2024"
          }
        ],
        "target_dbs": [
          {
            "source": "db/motif_databases/MOUSE/uniprobe_mouse.meme",
            "name": "uniprobe_mouse",
            "loaded": 386,
            "excluded": 0,
            "last_modified": "Tue Jan  9 16:02:18 2024"
          }, {
            "source": "db/motif_databases/JASPAR/JASPAR2022_CORE_non-redundant_v2.meme",
            "name": "JASPAR2022_CORE_non-redundant_v2",
            "loaded": 1956,
            "excluded": 0,
            "last_modified": "Tue Jan  9 16:00:00 2024"
          }
        ],
        "queries": [
          {
            "db": 0,
            "id": "CCACTTCCTSYYBYB",
            "alt": "MEME-2",
            "len": 15,
            "nsites": 941,
            "evalue": "5.5e-091",
            "pwm": [
              [0.00852129, 0.659899, 0.106292, 0.225288], 
              [0.224226, 0.579142, 0.0340353, 0.162596], 
              [0.586568, 0.123293, 0.22105, 0.0690878], 
              [2.01892e-05, 0.836288, 0.0234095, 0.140281], 
              [0.137094, 3.29402e-05, 3.29402e-05, 0.86284], 
              [2.01892e-05, 3.29402e-05, 0.00640826, 0.993539], 
              [2.01892e-05, 0.992488, 0.00747115, 2.01892e-05], 
              [2.01892e-05, 0.971237, 3.29402e-05, 0.0287101], 
              [0.0244596, 0.173235, 0.0425364, 0.759769], 
              [2.01892e-05, 0.44632, 0.370876, 0.182785], 
              [0.130718, 0.380439, 0.0340353, 0.454807], 
              [0.105216, 0.298619, 0.126481, 0.469683], 
              [0.0712136, 0.367688, 0.193423, 0.367675], 
              [0.159408, 0.384689, 0.188111, 0.267792], 
              [0.12328, 0.318809, 0.273118, 0.284793]
            ]
          }, {
            "db": 0,
            "id": "GCGCCCYCTGSTGGC",
            "alt": "MEME-1",
            "len": 15,
            "nsites": 490,
            "evalue": "4.4e-111",
            "pwm": [
              [0.0265644, 0.269396, 0.655032, 0.0490088], 
              [3.87676e-05, 0.738689, 6.32523e-05, 0.261209], 
              [3.87676e-05, 6.32523e-05, 0.918243, 0.0816551], 
              [0.0245238, 0.961091, 0.0143463, 3.87676e-05], 
              [3.87676e-05, 0.983536, 6.32523e-05, 0.0163624], 
              [0.277533, 0.683597, 0.00822459, 0.0306445], 
              [0.00615952, 0.632587, 0.0143463, 0.346907], 
              [3.87676e-05, 0.993738, 0.006184, 3.87676e-05], 
              [0.00615952, 0.0510728, 0.0184265, 0.92434], 
              [0.199998, 0.102083, 0.626466, 0.0714532], 
              [0.0224832, 0.406102, 0.550971, 0.0204426], 
              [0.0714532, 0.246952, 0.0408709, 0.640724], 
              [3.87676e-05, 6.32523e-05, 0.997819, 0.00207935], 
              [0.0612503, 0.0714777, 0.822344, 0.0449276], 
              [0.0979778, 0.604022, 0.138811, 0.15919]
            ]
          }, {
            "db": 0,
            "id": "TGTGGTTT",
            "alt": "MEME-3",
            "len": 8,
            "nsites": 299,
            "evalue": "5.7e-037",
            "pwm": [
              [6.3524e-05, 0.000103644, 0.000103644, 0.999729], 
              [6.3524e-05, 0.000103644, 0.999769, 6.3524e-05], 
              [6.3524e-05, 0.113778, 0.000103644, 0.886055], 
              [6.3524e-05, 0.000103644, 0.999769, 6.3524e-05], 
              [6.3524e-05, 0.000103644, 0.999769, 6.3524e-05], 
              [6.3524e-05, 0.000103644, 0.000103644, 0.999729], 
              [6.3524e-05, 0.0168201, 0.000103644, 0.983013], 
              [0.224069, 0.000103644, 0.194019, 0.581809]
            ]
          }
        ],
        "targets": [
          {
            "db": 0,
            "id": "UP00085_1",
            "alt": "Sfpi1_primary",
            "len": 14,
            "nsites": 20,
            "url": "http://thebrain.bwh.harvard.edu/uniprobe/details2.php?id=00085",
            "pwm": [
              [0.211479, 0.273834, 0.235137, 0.27955], 
              [0.297495, 0.105839, 0.290483, 0.306183], 
              [0.59146, 0.0493592, 0.155375, 0.203806], 
              [0.458404, 0.0539771, 0.170646, 0.316973], 
              [0.18863, 0.156126, 0.590142, 0.0651015], 
              [0.401688, 0.286345, 0.290383, 0.0215841], 
              [0.0492726, 0.00277612, 0.943231, 0.0047194], 
              [0.00527761, 0.00292239, 0.987432, 0.00436916], 
              [0.97037, 0.00295124, 0.00300099, 0.0236786], 
              [0.935023, 0.00461691, 0.00237114, 0.0579891], 
              [0.0465483, 0.270518, 0.67283, 0.0101035], 
              [0.0563323, 0.0936338, 0.0274736, 0.822559], 
              [0.300682, 0.123585, 0.267253, 0.308481], 
              [0.278239, 0.276268, 0.219611, 0.225882]
            ]
          }, {
            "db": 1,
            "id": "MA0002.2",
            "alt": "Runx1",
            "len": 11,
            "nsites": 2000,
            "url": "http://jaspar2022.genereg.net/matrix/MA0002.2",
            "pwm": [
              [0.143502, 0.248003, 0.347998, 0.260496], 
              [0.117004, 0.242503, 0.233504, 0.406989], 
              [0.0615064, 0.535989, 0.0745118, 0.327993], 
              [0.0285081, 1.54992e-05, 0.00351532, 0.967961], 
              [9.49954e-06, 0.0375136, 0.935969, 0.0265082], 
              [0.0435073, 0.0635123, 0.0350137, 0.857967], 
              [9.49954e-06, 1.54992e-05, 0.993466, 0.00650917], 
              [0.00850907, 0.0210144, 0.923969, 0.0465072], 
              [0.00500925, 0.200005, 0.125509, 0.669476], 
              [0.0655062, 0.231504, 0.0405135, 0.662476], 
              [0.249997, 0.0790115, 0.144508, 0.526483]
            ]
          }, {
            "db": 1,
            "id": "MA0028.2",
            "alt": "ELK1",
            "len": 10,
            "nsites": 67234,
            "url": "http://jaspar2022.genereg.net/matrix/MA0028.2",
            "pwm": [
              [0.681306, 0.0409024, 0.192745, 0.0850462], 
              [0.0249702, 0.939861, 0.0303254, 0.00484228], 
              [0.00776327, 0.990506, 0.00127646, 0.000454282], 
              [2.82595e-07, 0.00045846, 0.998974, 0.000567282], 
              [8.62825e-05, 0.00088046, 0.983721, 0.0153123], 
              [0.993062, 0.00505145, 0.00134446, 0.000542282], 
              [0.94711, 0.00688545, 0.00124146, 0.0447642], 
              [0.0585882, 0.0458644, 0.889835, 0.00571127], 
              [0.0169143, 0.116499, 0.0207374, 0.845849], 
              [0.289781, 0.145676, 0.377082, 0.18746]
            ]
          }, {
            "db": 1,
            "id": "MA0062.3",
            "alt": "GABPA",
            "len": 14,
            "nsites": 65479,
            "url": "http://jaspar2022.genereg.net/matrix/MA0062.3",
            "pwm": [
              [0.242627, 0.258434, 0.243513, 0.255425], 
              [0.167703, 0.331083, 0.210006, 0.291208], 
              [0.116663, 0.632233, 0.106737, 0.144367], 
              [0.798117, 0.0609054, 0.0744214, 0.0665562], 
              [0.0141883, 0.850104, 0.0331254, 0.102583], 
              [0.0593322, 0.0220384, 0.0147385, 0.903892], 
              [0.0131653, 0.0187854, 0.0249394, 0.943111], 
              [0.0213503, 0.937292, 0.0175634, 0.0237943], 
              [0.0151653, 0.963774, 0.00794146, 0.0131193], 
              [0.0262993, 0.0235504, 0.0696564, 0.880495], 
              [0.0338892, 0.0966423, 0.792925, 0.0765442], 
              [0.0816142, 0.183356, 0.1179, 0.617128], 
              [0.181783, 0.277249, 0.230318, 0.310649], 
              [0.206509, 0.265459, 0.201393, 0.326639]
            ]
          }, {
            "db": 1,
            "id": "MA0076.2",
            "alt": "ELK4",
            "len": 11,
            "nsites": 3427,
            "url": "http://jaspar2022.genereg.net/matrix/MA0076.2",
            "pwm": [
              [0.08696, 0.425442, 0.258537, 0.229062], 
              [0.114096, 0.555873, 0.16633, 0.163701], 
              [0.59351, 0.0423188, 0.302889, 0.0612818], 
              [5.54406e-06, 0.784345, 0.00467791, 0.210971], 
              [0.00233948, 9.04554e-06, 9.04554e-06, 0.997642], 
              [5.54406e-06, 9.04554e-06, 9.04554e-06, 0.999976], 
              [5.54406e-06, 0.99998, 9.04554e-06, 5.54406e-06], 
              [5.54406e-06, 0.99998, 9.04554e-06, 5.54406e-06], 
              [5.54406e-06, 9.04554e-06, 0.850582, 0.149403], 
              [5.54406e-06, 0.146197, 0.829574, 0.0242238], 
              [0.0846251, 0.365624, 0.194926, 0.354824]
            ]
          }, {
            "db": 1,
            "id": "MA0080.6",
            "alt": "Spi1",
            "len": 17,
            "nsites": 105198,
            "url": "http://jaspar2022.genereg.net/matrix/MA0080.6",
            "pwm": [
              [0.394485, 0.147037, 0.262961, 0.195517], 
              [0.35667, 0.141647, 0.348191, 0.153492], 
              [0.632436, 0.0652392, 0.216801, 0.0855241], 
              [0.782143, 0.0547352, 0.100895, 0.0622261], 
              [0.774358, 0.0221493, 0.0971502, 0.106342], 
              [0.0820931, 0.115981, 0.760338, 0.0415881], 
              [0.855072, 0.0246583, 0.0915992, 0.0286702], 
              [0.0387551, 0.00522829, 0.944504, 0.0115122], 
              [0.0192782, 0.00789929, 0.963734, 0.00908817], 
              [0.969713, 0.0104093, 0.0101053, 0.00977217], 
              [0.94611, 0.00910729, 0.0173203, 0.0274622], 
              [0.0723971, 0.0671782, 0.847354, 0.0130712], 
              [0.161572, 0.0353243, 0.0487462, 0.754357], 
              [0.0947931, 0.0577482, 0.792648, 0.0548111], 
              [0.220479, 0.11005, 0.548195, 0.121276], 
              [0.373828, 0.165716, 0.264958, 0.195498], 
              [0.355225, 0.162199, 0.249159, 0.233417]
            ]
          }, {
            "db": 1,
            "id": "MA0081.2",
            "alt": "SPIB",
            "len": 16,
            "nsites": 26930,
            "url": "http://jaspar2022.genereg.net/matrix/MA0081.2",
            "pwm": [
              [0.198552, 0.215262, 0.1495, 0.436687], 
              [0.173858, 0.307947, 0.168735, 0.349461], 
              [0.0809134, 0.23873, 0.118568, 0.561789], 
              [0.0140747, 0.890121, 0.0639069, 0.0318986], 
              [0.903042, 0.0229871, 0.0248431, 0.0491275], 
              [0.00887567, 0.844038, 0.0934278, 0.0536585], 
              [0.0167106, 0.00876412, 0.00583113, 0.968694], 
              [0.00705568, 0.00742812, 0.00902412, 0.976492], 
              [0.00764968, 0.970848, 0.00568213, 0.0158196], 
              [0.0102127, 0.9466, 0.00479113, 0.0383966], 
              [0.0321206, 0.167732, 0.0679179, 0.73223], 
              [0.0378766, 0.74686, 0.0860018, 0.129261], 
              [0.184293, 0.145638, 0.029002, 0.641067], 
              [0.105384, 0.201448, 0.0774979, 0.615668], 
              [0.154437, 0.223877, 0.0894548, 0.532231], 
              [0.149499, 0.318938, 0.154661, 0.376902]
            ]
          }, {
            "db": 1,
            "id": "MA0098.3",
            "alt": "ETS1",
            "len": 10,
            "nsites": 3774,
            "url": "http://jaspar2022.genereg.net/matrix/MA0098.3",
            "pwm": [
              [0.710903, 0.0556507, 0.169585, 0.0638613], 
              [0.0565715, 0.843166, 0.0933437, 0.00691885], 
              [0.136438, 0.861301, 0.00225515, 5.03432e-06], 
              [5.03432e-06, 0.00777401, 0.992216, 5.03432e-06], 
              [5.03432e-06, 8.21387e-06, 0.995529, 0.00445792], 
              [0.999979, 8.21387e-06, 8.21387e-06, 5.03432e-06], 
              [0.738696, 0.00248615, 0.00854299, 0.250273], 
              [0.405887, 0.00774301, 0.581945, 0.00442492], 
              [0.0307472, 0.245943, 0.0428391, 0.680471], 
              [0.299289, 0.149464, 0.403651, 0.147597]
            ]
          }, {
            "db": 1,
            "id": "MA0136.3",
            "alt": "Elf5",
            "len": 12,
            "nsites": 42146,
            "url": "http://jaspar2022.genereg.net/matrix/MA0136.3",
            "pwm": [
              [0.448416, 0.108433, 0.251815, 0.191335], 
              [0.231339, 0.235491, 0.376952, 0.156219], 
              [0.698215, 0.143905, 0.123476, 0.0344044], 
              [0.920085, 0.0232057, 0.0486176, 0.00809143], 
              [0.0121484, 0.00431873, 0.9734, 0.0101314], 
              [0.0139284, 0.0121017, 0.963933, 0.0100374], 
              [0.970339, 0.0137627, 0.00925471, 0.00664444], 
              [0.962177, 0.00923071, 0.0114137, 0.0171784], 
              [0.0619043, 0.0292797, 0.896952, 0.0118644], 
              [0.122906, 0.0796045, 0.117401, 0.680087], 
              [0.304916, 0.187064, 0.322071, 0.185949], 
              [0.311228, 0.198145, 0.299364, 0.191264]
            ]
          }, {
            "db": 1,
            "id": "MA0139.1",
            "alt": "CTCF",
            "len": 19,
            "nsites": 913,
            "url": "http://jaspar2022.genereg.net/matrix/MA0139.1",
            "pwm": [
              [0.0953004, 0.318728, 0.0832668, 0.502704], 
              [0.182914, 0.158834, 0.453434, 0.204817], 
              [0.307764, 0.0536971, 0.491765, 0.146774], 
              [0.0613501, 0.87617, 0.0230324, 0.0394465], 
              [0.00878185, 0.988973, 3.39502e-05, 0.00221157], 
              [0.814828, 0.0142714, 0.0712202, 0.0996809], 
              [0.043828, 0.578284, 0.365821, 0.0120675], 
              [0.117333, 0.474763, 0.0526602, 0.355245], 
              [0.933033, 0.0120936, 0.0351181, 0.0197556], 
              [0.00550821, 3.39502e-05, 0.991143, 0.00331345], 
              [0.365513, 0.00332659, 0.621261, 0.00989873], 
              [0.0592903, 0.0132045, 0.553211, 0.374294], 
              [0.0132064, 3.39502e-05, 0.977949, 0.00881085], 
              [0.0615521, 0.00882399, 0.851589, 0.0780343], 
              [0.114419, 0.806327, 0.00553435, 0.0737197], 
              [0.409217, 0.0143334, 0.557729, 0.0187208], 
              [0.0903189, 0.530813, 0.338103, 0.0407653], 
              [0.128862, 0.354621, 0.0804211, 0.436096], 
              [0.442703, 0.199351, 0.292954, 0.0649917]
            ]
          }, {
            "db": 1,
            "id": "MA0155.1",
            "alt": "INSM1",
            "len": 12,
            "nsites": 24,
            "url": "http://jaspar2022.genereg.net/matrix/MA0155.1",
            "pwm": [
              [0.0422825, 0.00128631, 0.167262, 0.78917], 
              [0.000788383, 0.00128631, 0.831161, 0.166764], 
              [0.000788383, 0.333236, 0.125768, 0.540208], 
              [0.249751, 0.623693, 0.00128631, 0.12527], 
              [0.664689, 0.00128631, 0.00128631, 0.332738], 
              [0.000788383, 0.00128631, 0.997137, 0.000788383], 
              [0.000788383, 0.0427804, 0.955643, 0.000788383], 
              [0.000788383, 0.00128631, 0.997137, 0.000788383], 
              [0.000788383, 0.00128631, 0.997137, 0.000788383], 
              [0.000788383, 0.0842735, 0.665187, 0.249751], 
              [0.12527, 0.665187, 0.00128631, 0.208257], 
              [0.415726, 0.00128631, 0.499212, 0.0837756]
            ]
          }, {
            "db": 1,
            "id": "MA0156.3",
            "alt": "FEV",
            "len": 12,
            "nsites": 14122,
            "url": "http://jaspar2022.genereg.net/matrix/MA0156.3",
            "pwm": [
              [0.361775, 0.18574, 0.322051, 0.130435], 
              [0.841124, 0.027003, 0.0916315, 0.0402411], 
              [0.0185122, 0.955944, 0.021483, 0.00406032], 
              [0.0137642, 0.984499, 0.00173518, 1.34541e-06], 
              [1.34541e-06, 2.19514e-06, 0.999995, 1.34541e-06], 
              [0.00728129, 2.19514e-06, 0.990152, 0.00256433], 
              [0.991676, 0.00606115, 0.00154218, 0.00072034], 
              [0.93088, 0.0100271, 0.00135219, 0.0577419], 
              [0.224324, 0.0153571, 0.757674, 0.00264533], 
              [0.0105913, 0.151791, 0.0154331, 0.822185], 
              [0.236396, 0.222694, 0.402819, 0.138091], 
              [0.319456, 0.24956, 0.29067, 0.140313]
            ]
          }, {
            "db": 1,
            "id": "MA0242.1",
            "alt": "Bgb::run",
            "len": 9,
            "nsites": 29,
            "url": "http://jaspar2022.genereg.net/matrix/MA0242.1",
            "pwm": [
              [0.413024, 0.0697943, 0.00106529, 0.516116], 
              [0.928487, 0.00106529, 0.0354298, 0.0350174], 
              [0.962852, 0.00106529, 0.0354298, 0.000652922], 
              [0.000652922, 0.997629, 0.00106529, 0.000652922], 
              [0.000652922, 0.963264, 0.0354298, 0.000652922], 
              [0.172474, 0.0354298, 0.791443, 0.000652922], 
              [0.000652922, 0.997629, 0.00106529, 0.000652922], 
              [0.962852, 0.00106529, 0.00106529, 0.0350174], 
              [0.687938, 0.00106529, 0.310344, 0.000652922]
            ]
          }, {
            "db": 1,
            "id": "MA0323.1",
            "alt": "IXR1",
            "len": 15,
            "nsites": 161,
            "url": "http://jaspar2022.genereg.net/matrix/MA0323.1",
            "pwm": [
              [0.999497, 0.000192427, 0.000192427, 0.000117939], 
              [0.765466, 0.000192427, 0.000192427, 0.23415], 
              [0.326838, 0.000192427, 0.53832, 0.134649], 
              [0.106922, 0.869881, 0.000192427, 0.0230047], 
              [0.239806, 0.759884, 0.000192427, 0.000117939], 
              [0.239806, 0.000192427, 0.759884, 0.000117939], 
              [0.119702, 0.000192427, 0.721966, 0.15814], 
              [0.629935, 0.000192427, 0.369755, 0.000117939], 
              [0.765466, 0.000192427, 0.000192427, 0.23415], 
              [0.000117939, 0.000192427, 0.999572, 0.000117939], 
              [0.000117939, 0.999572, 0.000192427, 0.000117939], 
              [0.102995, 0.000192427, 0.896695, 0.000117939], 
              [0.0207241, 0.000192427, 0.978965, 0.000117939], 
              [0.000117939, 0.000192427, 0.530669, 0.469021], 
              [0.000117939, 0.000192427, 0.896695, 0.102995]
            ]
          }, {
            "db": 1,
            "id": "MA0473.3",
            "alt": "ELF1",
            "len": 14,
            "nsites": 47770,
            "url": "http://jaspar2022.genereg.net/matrix/MA0473.3",
            "pwm": [
              [0.390999, 0.180595, 0.241574, 0.186833], 
              [0.390371, 0.163994, 0.236655, 0.208981], 
              [0.365083, 0.265836, 0.218547, 0.150534], 
              [0.0647693, 0.793865, 0.100879, 0.0404863], 
              [0.882645, 0.0845305, 0.0195106, 0.0133144], 
              [0.00669938, 0.00881363, 0.976386, 0.00810138], 
              [0.0135864, 0.0105716, 0.962318, 0.0135234], 
              [0.96148, 0.0166636, 0.0141516, 0.00770438], 
              [0.947099, 0.0147586, 0.0163076, 0.0218344], 
              [0.0850532, 0.0328666, 0.873727, 0.00835338], 
              [0.0629893, 0.0417216, 0.0420146, 0.853275], 
              [0.119071, 0.0886755, 0.72759, 0.0646643], 
              [0.262947, 0.247917, 0.354197, 0.134938], 
              [0.251622, 0.265459, 0.282018, 0.2009]
            ]
          }, {
            "db": 1,
            "id": "MA0474.3",
            "alt": "Erg",
            "len": 14,
            "nsites": 30061,
            "url": "http://jaspar2022.genereg.net/matrix/MA0474.3",
            "pwm": [
              [0.32647, 0.208077, 0.282891, 0.182562], 
              [0.310269, 0.239014, 0.287449, 0.163268], 
              [0.654933, 0.0912157, 0.164199, 0.0896513], 
              [0.0611094, 0.823623, 0.0908827, 0.0243846], 
              [0.89062, 0.0851277, 0.015403, 0.0088496], 
              [0.00565561, 0.00442502, 0.983398, 0.00652061], 
              [0.0098806, 0.008816, 0.972055, 0.0092486], 
              [0.972952, 0.01181, 0.009116, 0.00612161], 
              [0.927479, 0.012309, 0.009216, 0.0509965], 
              [0.162802, 0.0390219, 0.785068, 0.0131076], 
              [0.0771104, 0.11011, 0.0954737, 0.717306], 
              [0.161206, 0.131001, 0.59938, 0.108413], 
              [0.277536, 0.223279, 0.334719, 0.164466], 
              [0.238116, 0.258741, 0.292173, 0.210971]
            ]
          }, {
            "db": 1,
            "id": "MA0475.2",
            "alt": "FLI1",
            "len": 10,
            "nsites": 54661,
            "url": "http://jaspar2022.genereg.net/matrix/MA0475.2",
            "pwm": [
              [0.797387, 0.0267105, 0.0938884, 0.0820152], 
              [0.0601292, 0.895688, 0.0381825, 0.00600134], 
              [0.0603672, 0.937695, 0.00193656, 3.47597e-07], 
              [0.000115347, 5.6713e-07, 0.999838, 4.63475e-05], 
              [3.47597e-07, 5.6713e-07, 0.998624, 0.00137535], 
              [0.99883, 0.000481566, 0.000435566, 0.000252347], 
              [0.873378, 0.00460956, 0.000481566, 0.121531], 
              [0.431859, 0.0127285, 0.553536, 0.00187634], 
              [0.0193033, 0.24044, 0.0427385, 0.697518], 
              [0.244161, 0.177029, 0.425825, 0.152985]
            ]
          }, {
            "db": 1,
            "id": "MA0508.3",
            "alt": "PRDM1",
            "len": 11,
            "nsites": 55481,
            "url": "http://jaspar2022.genereg.net/matrix/MA0508.3",
            "pwm": [
              [0.157928, 0.320614, 0.119645, 0.401813], 
              [0.309169, 0.221481, 0.158036, 0.311314], 
              [0.0216113, 0.950811, 0.0126355, 0.0149423], 
              [0.0231253, 0.00841754, 0.0148885, 0.953569], 
              [0.0393113, 0.0242615, 0.0182225, 0.918205], 
              [0.0326783, 0.00879654, 0.0101125, 0.948414], 
              [0.0248193, 0.963662, 0.00373155, 0.00778633], 
              [0.0639682, 0.0193945, 0.0250545, 0.891584], 
              [0.0308213, 0.952055, 0.00522755, 0.0118963], 
              [0.189651, 0.244534, 0.0738634, 0.491951], 
              [0.182477, 0.315748, 0.141688, 0.360087]
            ]
          }, {
            "db": 1,
            "id": "MA0511.2",
            "alt": "RUNX2",
            "len": 9,
            "nsites": 8038,
            "url": "http://jaspar2022.genereg.net/matrix/MA0511.2",
            "pwm": [
              [0.481708, 0.135857, 0.0405604, 0.341874], 
              [0.737791, 0.0619601, 0.135393, 0.0648556], 
              [0.953201, 0.0467933, 3.85663e-06, 2.36375e-06], 
              [2.36375e-06, 0.999991, 3.85663e-06, 2.36375e-06], 
              [2.36375e-06, 0.999991, 3.85663e-06, 2.36375e-06], 
              [0.282425, 0.00531579, 0.69455, 0.0177091], 
              [2.36375e-06, 0.999991, 3.85663e-06, 2.36375e-06], 
              [0.854756, 0.0614541, 0.0591301, 0.0246601], 
              [0.634737, 0.102269, 0.171301, 0.0916932]
            ]
          }, {
            "db": 1,
            "id": "MA0531.1",
            "alt": "CTCF",
            "len": 15,
            "nsites": 1902,
            "url": "http://jaspar2022.genereg.net/matrix/MA0531.1",
            "pwm": [
              [0.160885, 0.46056, 0.211887, 0.166668], 
              [0.164565, 0.603034, 0.115152, 0.117249], 
              [0.24027, 0.201373, 0.434273, 0.124083], 
              [0.355406, 0.412193, 0.184024, 0.0483774], 
              [0.135124, 0.375391, 0.0457549, 0.44373], 
              [0.806487, 0.00054227, 0.100957, 0.0920132], 
              [0.106208, 1.62978e-05, 0.893765, 9.98898e-06], 
              [0.51891, 1.62978e-05, 0.479486, 0.00158691], 
              [0.00106193, 0.00211919, 0.16352, 0.833299], 
              [9.98898e-06, 1.62978e-05, 0.999964, 9.98898e-06], 
              [0.00106193, 1.62978e-05, 0.86853, 0.130392], 
              [0.0652016, 0.86485, 0.00159321, 0.0683554], 
              [0.000535961, 1.62978e-05, 0.950019, 0.0494294], 
              [0.0415428, 0.795978, 0.00422208, 0.158256], 
              [0.121455, 0.406409, 0.0757223, 0.396414]
            ]
          }, {
            "db": 1,
            "id": "MA0598.3",
            "alt": "EHF",
            "len": 15,
            "nsites": 15368,
            "url": "http://jaspar2022.genereg.net/matrix/MA0598.3",
            "pwm": [
              [0.212129, 0.28247, 0.266918, 0.238483], 
              [0.17582, 0.301145, 0.218312, 0.304723], 
              [0.137559, 0.578278, 0.100209, 0.183954], 
              [0.872849, 0.0296738, 0.0504307, 0.0470469], 
              [0.0109982, 0.853458, 0.0245329, 0.111011], 
              [0.0277861, 0.0108689, 0.00989295, 0.951453], 
              [0.00911118, 0.0106739, 0.0129509, 0.967265], 
              [0.0126902, 0.965183, 0.00904696, 0.0130802], 
              [0.0102822, 0.975855, 0.00657397, 0.00728919], 
              [0.0278511, 0.0395648, 0.100079, 0.832505], 
              [0.0452249, 0.194106, 0.5896, 0.17107], 
              [0.150638, 0.197099, 0.214668, 0.437596], 
              [0.146213, 0.114655, 0.0822505, 0.656881], 
              [0.209266, 0.238873, 0.200938, 0.350923], 
              [0.200612, 0.314224, 0.207835, 0.277329]
            ]
          }, {
            "db": 1,
            "id": "MA0640.2",
            "alt": "ELF3",
            "len": 14,
            "nsites": 48502,
            "url": "http://jaspar2022.genereg.net/matrix/MA0640.2",
            "pwm": [
              [0.241165, 0.261041, 0.211435, 0.286359], 
              [0.202755, 0.271762, 0.245227, 0.280256], 
              [0.117191, 0.509896, 0.142881, 0.230032], 
              [0.133108, 0.576738, 0.0849865, 0.205167], 
              [0.837964, 0.0420606, 0.0539155, 0.0660593], 
              [0.0114224, 0.864912, 0.0281436, 0.0955222], 
              [0.0241433, 0.0282056, 0.0158346, 0.931815], 
              [0.00890737, 0.0194426, 0.0196696, 0.951979], 
              [0.0136494, 0.958331, 0.0116706, 0.0163504], 
              [0.00921637, 0.971237, 0.00975262, 0.00979337], 
              [0.0159994, 0.0271126, 0.0410096, 0.915879], 
              [0.0490083, 0.191291, 0.583872, 0.175828], 
              [0.185766, 0.27403, 0.287514, 0.252691], 
              [0.219764, 0.187312, 0.123727, 0.469196]
            ]
          }, {
            "db": 1,
            "id": "MA0645.1",
            "alt": "ETV6",
            "len": 10,
            "nsites": 22662,
            "url": "http://jaspar2022.genereg.net/matrix/MA0645.1",
            "pwm": [
              [0.415408, 0.28956, 0.20669, 0.0883424], 
              [0.0457896, 0.320525, 0.574641, 0.0590446], 
              [0.17243, 0.745208, 0.0463802, 0.0359817], 
              [0.00104483, 1.36792e-06, 0.997015, 0.00193883], 
              [0.00312082, 1.36792e-06, 0.993608, 0.00326982], 
              [0.99895, 1.36792e-06, 0.00104736, 8.38406e-07], 
              [0.987299, 0.00192036, 0.00472635, 0.00605381], 
              [0.102305, 0.00692834, 0.890766, 8.38406e-07], 
              [0.0231807, 0.105065, 0.0293532, 0.842401], 
              [0.306414, 0.0511451, 0.479287, 0.163152]
            ]
          }, {
            "db": 1,
            "id": "MA0687.1",
            "alt": "SPIC",
            "len": 14,
            "nsites": 367,
            "url": "http://jaspar2022.genereg.net/matrix/MA0687.1",
            "pwm": [
              [0.392316, 0.226181, 0.18532, 0.196183], 
              [0.534559, 0.102367, 0.231045, 0.132029], 
              [0.768437, 0.103362, 0.0537888, 0.0744115], 
              [0.936994, 0.0435506, 8.44456e-05, 0.0193705], 
              [0.694984, 8.44456e-05, 8.44456e-05, 0.304847], 
              [0.100358, 0.250852, 0.605271, 0.0435179], 
              [0.451211, 0.302566, 0.246171, 5.17571e-05], 
              [5.17571e-05, 0.0351629, 0.951579, 0.0132062], 
              [0.0480087, 8.44456e-05, 0.85594, 0.0959666], 
              [0.898485, 0.030913, 8.44456e-05, 0.0705176], 
              [0.786722, 0.127099, 0.0533489, 0.0328298], 
              [0.0533162, 8.44456e-05, 0.946548, 5.17571e-05], 
              [0.160722, 0.0857751, 0.0607819, 0.69272], 
              [0.642335, 0.201147, 0.0503497, 0.106168]
            ]
          }, {
            "db": 1,
            "id": "MA0697.2",
            "alt": "Zic3",
            "len": 13,
            "nsites": 26174,
            "url": "http://jaspar2022.genereg.net/matrix/MA0697.2",
            "pwm": [
              [0.204554, 0.501145, 0.196913, 0.0973874], 
              [0.32429, 0.249064, 0.226752, 0.199893], 
              [0.0131817, 0.956482, 0.0175761, 0.0127617], 
              [0.914913, 0.0333171, 0.0289991, 0.0227716], 
              [0.0126467, 0.0255991, 0.951591, 0.0101637], 
              [0.0135257, 0.92733, 0.0288851, 0.0302596], 
              [0.877968, 0.0217021, 0.0675489, 0.0327816], 
              [0.0150157, 0.0191041, 0.928935, 0.0369456], 
              [0.0132577, 0.036488, 0.929928, 0.0203266], 
              [0.501413, 0.156187, 0.219034, 0.123367], 
              [0.197219, 0.145604, 0.533047, 0.124131], 
              [0.216245, 0.241155, 0.352946, 0.189654], 
              [0.173187, 0.339039, 0.260755, 0.227019]
            ]
          }, {
            "db": 1,
            "id": "MA0750.2",
            "alt": "ZBTB7A",
            "len": 13,
            "nsites": 14641,
            "url": "http://jaspar2022.genereg.net/matrix/MA0750.2",
            "pwm": [
              [0.282493, 0.239874, 0.284612, 0.19302], 
              [0.190083, 0.365822, 0.300321, 0.143774], 
              [0.0325811, 0.851645, 0.10218, 0.0135932], 
              [0.17007, 0.771324, 0.0426218, 0.0159842], 
              [0.0118172, 0.014345, 0.965094, 0.00874424], 
              [0.00778724, 0.011135, 0.972538, 0.00853924], 
              [0.946242, 0.018717, 0.022883, 0.0121592], 
              [0.937021, 0.023429, 0.017829, 0.0217211], 
              [0.042963, 0.0485638, 0.895563, 0.0129102], 
              [0.0779328, 0.23448, 0.110854, 0.576734], 
              [0.119118, 0.16973, 0.624409, 0.0867437], 
              [0.185028, 0.29957, 0.400381, 0.11502], 
              [0.194659, 0.331671, 0.318899, 0.154771]
            ]
          }, {
            "db": 1,
            "id": "MA0759.2",
            "alt": "ELK3",
            "len": 11,
            "nsites": 21909,
            "url": "http://jaspar2022.genereg.net/matrix/MA0759.2",
            "pwm": [
              [0.667532, 0.0469682, 0.242366, 0.0431337], 
              [0.0156338, 0.888657, 0.088259, 0.00744983], 
              [0.000701864, 0.998744, 0.000552412, 8.67221e-07], 
              [8.67221e-07, 1.41494e-06, 0.999997, 8.67221e-07], 
              [8.67221e-07, 1.41494e-06, 0.999997, 8.67221e-07], 
              [0.984197, 0.00523439, 0.00740738, 0.00316085], 
              [0.944436, 0.00826338, 0.00549339, 0.0418077], 
              [0.0876295, 0.0432652, 0.867475, 0.00162986], 
              [0.0152628, 0.154743, 0.0249413, 0.805052], 
              [0.263369, 0.168357, 0.390137, 0.178138], 
              [0.235076, 0.304254, 0.346644, 0.114026]
            ]
          }, {
            "db": 1,
            "id": "MA0760.1",
            "alt": "ERF",
            "len": 10,
            "nsites": 245,
            "url": "http://jaspar2022.genereg.net/matrix/MA0760.1",
            "pwm": [
              [0.836471, 0.0164468, 0.134766, 0.0123175], 
              [0.0276253, 0.806884, 0.0316096, 0.133881], 
              [0.105966, 0.868416, 0.0255401, 7.75195e-05], 
              [7.75195e-05, 0.000126479, 0.999718, 7.75195e-05], 
              [7.75195e-05, 0.0145436, 0.985301, 7.75195e-05], 
              [0.962126, 0.0142057, 0.0142057, 0.00946369], 
              [0.872062, 0.000126479, 0.000126479, 0.127685], 
              [0.269704, 0.0560247, 0.674193, 7.75195e-05], 
              [7.75195e-05, 0.159594, 0.042911, 0.797417], 
              [0.303876, 0.137325, 0.450922, 0.107877]
            ]
          }, {
            "db": 1,
            "id": "MA0761.2",
            "alt": "ETV1",
            "len": 14,
            "nsites": 37339,
            "url": "http://jaspar2022.genereg.net/matrix/MA0761.2",
            "pwm": [
              [0.338038, 0.200005, 0.258255, 0.203701], 
              [0.304213, 0.23134, 0.278717, 0.185731], 
              [0.610647, 0.116207, 0.161092, 0.112054], 
              [0.0494924, 0.860734, 0.0639817, 0.0257914], 
              [0.891961, 0.0820596, 0.0153468, 0.0106325], 
              [0.00618749, 0.00736581, 0.977073, 0.00937448], 
              [0.0101235, 0.00725881, 0.967378, 0.0152395], 
              [0.967619, 0.0126148, 0.0100438, 0.00972248], 
              [0.893648, 0.0130168, 0.0110348, 0.0823003], 
              [0.11342, 0.0350047, 0.837086, 0.0144895], 
              [0.0895313, 0.104155, 0.0842556, 0.722059], 
              [0.212164, 0.135515, 0.507967, 0.144353], 
              [0.312756, 0.200193, 0.289777, 0.197274], 
              [0.264094, 0.244088, 0.259728, 0.23209]
            ]
          }, {
            "db": 1,
            "id": "MA0763.1",
            "alt": "ETV3",
            "len": 10,
            "nsites": 304,
            "url": "http://jaspar2022.genereg.net/matrix/MA0763.1",
            "pwm": [
              [0.707067, 0.0888887, 0.125061, 0.0789835], 
              [0.0647892, 0.773229, 0.0504454, 0.111537], 
              [0.038025, 0.906977, 0.00010194, 0.0548964], 
              [6.24796e-05, 0.00010194, 0.938658, 0.0611774], 
              [6.24796e-05, 0.00010194, 0.930532, 0.0693037], 
              [0.946888, 0.0353324, 0.00010194, 0.0176777], 
              [0.751563, 0.00010194, 0.00010194, 0.248233], 
              [0.202087, 0.0488659, 0.748985, 6.24796e-05], 
              [6.24796e-05, 0.126045, 0.0276519, 0.846241], 
              [0.240724, 0.189855, 0.453657, 0.115765]
            ]
          }, {
            "db": 1,
            "id": "MA0764.3",
            "alt": "ETV4",
            "len": 10,
            "nsites": 20369,
            "url": "http://jaspar2022.genereg.net/matrix/MA0764.3",
            "pwm": [
              [0.56576, 0.0740352, 0.244833, 0.115371], 
              [0.0455637, 0.819843, 0.115835, 0.0187588], 
              [0.0420537, 0.94467, 0.0131035, 0.000172932], 
              [9.32787e-07, 1.52191e-06, 0.999997, 9.32787e-07], 
              [9.32787e-07, 1.52191e-06, 0.999997, 9.32787e-07], 
              [0.974384, 0.00773248, 0.00914848, 0.00873489], 
              [0.761855, 0.0318344, 0.0142715, 0.192039], 
              [0.167223, 0.0716282, 0.750971, 0.0101779], 
              [0.0370638, 0.23729, 0.0709392, 0.654707], 
              [0.264923, 0.183603, 0.385603, 0.165872]
            ]
          }, {
            "db": 1,
            "id": "MA0765.3",
            "alt": "ETV5",
            "len": 10,
            "nsites": 18364,
            "url": "http://jaspar2022.genereg.net/matrix/MA0765.3",
            "pwm": [
              [0.744769, 0.0388275, 0.132924, 0.0834796], 
              [0.011874, 0.947276, 0.0343845, 0.006466], 
              [0.00536201, 0.993156, 0.00148068, 1.03463e-06], 
              [1.03463e-06, 1.68807e-06, 0.999996, 1.03463e-06], 
              [1.03463e-06, 1.68807e-06, 0.999996, 1.03463e-06], 
              [0.980528, 0.0114996, 0.00140068, 0.006572], 
              [0.893991, 0.00732265, 0.00104768, 0.0976385], 
              [0.104618, 0.0295495, 0.863309, 0.00252302], 
              [0.0168439, 0.140358, 0.0205476, 0.822251], 
              [0.332517, 0.157805, 0.359169, 0.150509]
            ]
          }, {
            "db": 1,
            "id": "MA1102.2",
            "alt": "CTCFL",
            "len": 12,
            "nsites": 18037,
            "url": "http://jaspar2022.genereg.net/matrix/MA1102.2",
            "pwm": [
              [0.322946, 0.231746, 0.268559, 0.176748], 
              [0.147419, 0.389921, 0.393303, 0.0693577], 
              [0.0721307, 0.713365, 0.112714, 0.101791], 
              [0.957472, 0.0228986, 0.0182416, 0.00138705], 
              [0.00476903, 0.0266686, 0.958304, 0.010258], 
              [0.0379228, 0.0332665, 0.915393, 0.013418], 
              [0.0193499, 0.0632604, 0.855184, 0.0622057], 
              [0.010701, 0.0425255, 0.932469, 0.014305], 
              [0.0194609, 0.0149706, 0.942559, 0.0230089], 
              [0.010036, 0.97538, 0.0037717, 0.010812], 
              [0.23097, 0.167157, 0.51555, 0.0863236], 
              [0.0981875, 0.428396, 0.351555, 0.121861]
            ]
          }, {
            "db": 1,
            "id": "MA1284.1",
            "alt": "TCP1",
            "len": 30,
            "nsites": 95,
            "url": "http://jaspar2022.genereg.net/matrix/MA1284.1",
            "pwm": [
              [0.378748, 0.0739325, 0.16857, 0.378748], 
              [0.0422605, 0.0739325, 0.883607, 0.00019979], 
              [0.00019979, 0.0634176, 0.0529026, 0.883481], 
              [0.00019979, 0.000325972, 0.999274, 0.00019979], 
              [0.00019979, 0.000325972, 0.999274, 0.00019979], 
              [0.00019979, 0.000325972, 0.999274, 0.00019979], 
