>AGATAAGCACAA	10-AGATAAGCACAA	8.948879	-61.792412	0	T:114.0(2.93%),B:396.1(0.87%),P:1e-26
0.898	0.001	0.043	0.058
0.016	0.070	0.902	0.012
0.910	0.032	0.023	0.035
0.071	0.032	0.084	0.813
0.871	0.023	0.059	0.047
0.918	0.012	0.035	0.035
0.110	0.081	0.728	0.081
0.087	0.805	0.061	0.047
0.840	0.078	0.001	0.081
0.074	0.691	0.151	0.084
0.868	0.062	0.035	0.035
0.758	0.105	0.070	0.067
