>TTCCTSHTTMWG	16-TTCCTSHTTMWG	10.108474	-40.374020	0	T:38.0(0.98%),B:71.1(0.16%),P:1e-17
0.062	0.070	0.084	0.784
0.167	0.197	0.060	0.576
0.041	0.836	0.049	0.074
0.061	0.851	0.015	0.073
0.087	0.091	0.029	0.793
0.092	0.430	0.298	0.180
0.317	0.358	0.021	0.304
0.296	0.081	0.034	0.589
0.046	0.261	0.257	0.436
0.401	0.538	0.029	0.032
0.409	0.020	0.025	0.546
0.073	0.064	0.806	0.057
