>TATCTGTKGCTA	17-TATCTGTKGCTA	9.213455	-39.812506	0	T:19.0(0.49%),B:12.4(0.03%),P:1e-17
0.171	0.202	0.098	0.529
0.682	0.177	0.140	0.001
0.080	0.059	0.212	0.649
0.123	0.829	0.001	0.047
0.098	0.001	0.012	0.889
0.090	0.147	0.549	0.214
0.109	0.001	0.204	0.686
0.152	0.051	0.352	0.444
0.218	0.115	0.495	0.172
0.151	0.555	0.147	0.147
0.258	0.231	0.001	0.510
0.432	0.142	0.154	0.273
