>TTATCTTATCAG	7-TTATCTTATCAG	7.321089	-84.595993	0	T:339.0(8.71%),B:1851.6(4.08%),P:1e-36
0.067	0.077	0.057	0.799
0.088	0.093	0.108	0.711
0.660	0.129	0.069	0.142
0.062	0.111	0.063	0.764
0.063	0.759	0.081	0.097
0.066	0.063	0.027	0.844
0.086	0.119	0.091	0.704
0.680	0.119	0.068	0.133
0.097	0.057	0.069	0.777
0.062	0.798	0.075	0.065
0.788	0.022	0.026	0.164
0.084	0.091	0.719	0.106
