>TTBCTGTTTCTC	18-TTBCTGTTTCTC	8.817870	-38.351938	0	T:237.0(6.09%),B:1535.6(3.38%),P:1e-16
0.056	0.078	0.013	0.853
0.042	0.230	0.001	0.727
0.012	0.408	0.261	0.319
0.241	0.610	0.001	0.148
0.040	0.012	0.037	0.911
0.024	0.401	0.574	0.001
0.012	0.013	0.037	0.938
0.126	0.009	0.021	0.844
0.098	0.046	0.050	0.806
0.058	0.699	0.210	0.033
0.065	0.021	0.001	0.913
0.034	0.697	0.059	0.210
