>TGTGGTAGAGGT	24-TGTGGTAGAGGT	10.464922	-7.210034	0	T:3.0(0.08%),B:2.3(0.01%),P:1e-3
0.126	0.074	0.115	0.685
0.075	0.099	0.715	0.111
0.120	0.071	0.122	0.687
0.107	0.063	0.719	0.111
0.124	0.108	0.640	0.128
0.137	0.142	0.157	0.564
0.653	0.074	0.138	0.135
0.135	0.098	0.683	0.084
0.692	0.083	0.110	0.115
0.127	0.057	0.692	0.124
0.128	0.124	0.640	0.108
0.130	0.118	0.123	0.629
